2.036446701325185515e-02
3.521391933998586216e-02
2.752942897228545238e-01
1.287640742914071372e-02
3.599567966485837239e-02
2.613755315131598492e-02
4.502493418426922744e-02
8.160116084364775826e-03
3.731059564262930589e-02
1.461652390024879844e-01
7.504574986958081201e-03
6.148579046135074430e-03
8.956886295438082693e-03
4.438976957159146419e-02
1.294053496396146974e-01
3.293124123094302858e-02
1.394332100089581104e-02
6.250386818260981678e-03
1.291125132505549673e-02
2.262170674054100883e-02
2.798270289741251401e-02
1.587677967915216738e-03
1.876594468928544091e-02
8.287386904146348821e-03
1.577001965064810454e-02
