7.891040837517905929e-03
2.266027229391950198e-02
4.830994229930169609e-02
3.444514964522781605e-03
8.749318044907195002e-03
2.692907347105710520e-03
3.914674352937347335e-02
9.616105262432907141e-02
2.523042297725812053e-02
2.881089501830175811e-03
3.300312851066728934e-03
3.057409251334290701e-03
7.017988064051991319e-03
4.314682247148106040e-03
1.976427070558528856e-03
6.120831447072745332e-03
1.853327587059393905e-02
4.190125830390421628e-03
2.005391362352118220e-02
5.979775037671142572e-04
5.924735822099548577e-03
1.668671483659937664e-03
2.040133766094579665e-02
4.643323330217970571e-03
1.715942341728566699e-03
1.143614466265166496e-02
2.370431530466209254e-03
6.715913239517276589e-02
8.283052044551241985e-03
3.283818609063688786e-03
3.330637445435790690e-03
1.705835269147214228e-03
1.913273239395651970e-02
1.671659111708454978e-02
3.937740539607191407e-04
9.303383839649294329e-02
1.560398847134105565e-02
1.003775450777251834e-03
2.870959583229300283e-02
4.803604772663525556e-03
8.053763728468839094e-04
1.288316148055955370e-03
3.231124120693139659e-04
1.587751749230875004e-02
1.914235587828312657e-02
3.044471009606283807e-02
1.035994564002754807e-03
1.315588742332048826e-03
1.965164921141458743e-02
2.284549879297952113e-02
2.427682924910235657e-03
2.353966234283619285e-02
4.597676011559706294e-04
7.039330723754210969e-03
5.196508818328863383e-02
3.033540051398599287e-04
6.764936950397847483e-04
1.172002139838547105e-02
2.593704502204688053e-03
2.989084922884013059e-03
3.208764152500703272e-03
5.174232032115055890e-02
1.517247699175047065e-03
9.554082112686310135e-03
5.161138310454328922e-03
1.957190118995612987e-03
3.346445566659588672e-02
3.825850578461532578e-03
3.616505629708631486e-03
8.467498628721604678e-03
9.524437668019862481e-04
3.687403804746258035e-03
6.313093220649546033e-03
1.243648471611657688e-02
