4.370029679741306572e-02
8.182446938314534915e-03
2.057667314717159801e-02
5.158199965074557192e-03
2.849045736236733781e-02
2.491483272318825715e-02
1.917883995669643696e-02
1.035803345273700604e-01
1.537222328890892366e-02
1.489699672781442420e-02
6.755353917583284927e-03
9.959058930847779212e-02
1.285737659822551969e-03
4.941261651969557078e-02
4.652741200113386967e-03
1.518735990219459431e-02
7.393844317197521832e-03
1.262424518394442835e-02
6.832440233926422891e-03
7.524276284849341911e-03
1.537564270753269229e-02
1.047087061338683109e-02
2.111647844524413078e-02
2.857118205340851598e-03
3.789953544472385305e-02
1.365542968442680014e-02
9.080363459258363260e-03
9.008139165945132712e-03
8.091218875395099139e-03
2.858217500191662531e-03
4.586493536206573407e-02
3.879945177013838231e-02
1.984137503967041416e-02
1.294935638720368966e-02
3.109356648547896909e-02
8.601286030796934101e-03
6.486097496360471518e-03
6.800865479378519207e-03
1.448130088626070275e-02
2.770439249316948571e-02
4.036466463954501392e-03
5.013710175976906006e-03
1.405572106165824814e-02
1.752081428825170289e-02
1.718232468072213373e-02
3.678873279197698853e-02
2.591086889107024546e-02
2.553395831825347809e-02
1.231690374224117014e-02
3.294352091801766233e-03
