1.781160905114648543e-02
3.066498464011916097e-03
2.278084122504463183e-02
1.948045797151810952e-03
5.539503809308131237e-03
2.305910115353073178e-02
2.776939135862961476e-03
6.591593014283727604e-03
6.875048771421847782e-01
2.854481698663847555e-03
1.955629829251325988e-02
1.339465231993460436e-03
7.227348275112221391e-04
1.715450822454096802e-02
2.136104713921570079e-03
1.100827152814622253e-03
3.238534631865673443e-03
3.671288548525595153e-03
4.070001781603953261e-02
1.355251489396028935e-03
1.117204012728579068e-02
3.546193255273444311e-03
5.168047584398486466e-03
3.885297010892958640e-03
2.591070682864577389e-03
5.210072345192585073e-03
5.958485906327555016e-03
9.818080744371385574e-04
2.316822245342143108e-02
5.241731842000350861e-03
2.475379155482626114e-03
4.168343410892338084e-03
1.594702906467665177e-03
1.517622597926332299e-02
1.636422932230844176e-03
7.708238006129865131e-04
2.373079793845519862e-03
3.012991166561525876e-03
9.737416010655629631e-03
5.595151721608032473e-03
3.689183828533481365e-03
4.401189792454434442e-04
6.232673568788765425e-03
2.683264320955340305e-03
2.430155796748386266e-03
4.197748888796545320e-03
1.954827036906222996e-03
