1.034956098494031196e-01
2.039860334964404762e-02
3.934832578078920062e-02
3.018126959144465989e-03
8.081953146425083223e-03
5.952597983389745773e-02
1.043362904287315276e-02
1.585199587163519871e-02
3.859192705388478535e-03
1.962870602810483627e-03
5.466700745219544612e-03
1.108717028357177406e-02
2.255492295869090599e-02
3.975903311224074366e-02
1.641599648554836754e-02
2.680105874653659730e-03
5.523513883774825578e-02
6.479110319409107921e-02
2.174604901174909122e-02
2.419031867550812398e-02
1.443792927903089426e-02
2.349109346308580343e-02
1.134508180776051117e-02
3.484372521405099121e-02
1.310557404143336893e-02
6.001596048858193200e-03
4.764756722719616124e-03
2.104433936774072113e-03
2.265254590152914350e-03
6.684788081918075289e-03
4.114135712611461694e-03
1.392285962962442822e-02
3.610867527405069079e-03
2.317480491671334089e-03
1.387209670423725574e-02
2.295811968808292736e-03
3.751105750549189183e-02
3.798045750536174769e-03
9.958717645515621775e-02
9.938451503419900440e-03
3.941067228315651462e-03
2.107468928692401555e-03
6.078294188902108944e-03
2.885448951092997247e-02
3.850115892287513802e-02
5.380817969089543573e-02
1.800467283499225220e-03
7.092156597442690440e-03
1.146653057983794063e-02
6.435144312830431111e-03
