3.410222255287480297e-02
8.178896205882335221e-03
8.812929663253474266e-02
3.946348247256501601e-02
1.950795476118611510e-02
1.396891609024185875e-02
7.387360221495146810e-03
3.746007870581601756e-02
1.337199275278085631e-01
2.904750174771366517e-02
2.202119926674324032e-02
4.697171729532864659e-03
4.057845218573916113e-02
7.098153376277015203e-02
7.604221747468255244e-02
2.033608364981067188e-02
1.271563370571509588e-01
5.827403461721889638e-02
3.339236264357623579e-02
3.158247500453738310e-02
2.424877881559618989e-02
5.022587577037211648e-02
9.594094611275697654e-03
5.209511672231106720e-03
1.469423482064451288e-02
