3.929936849074107397e-02
4.167884735830711639e-03
2.622960605859993646e-02
1.551026535345718591e-02
3.343296435461603350e-02
7.839392020779647682e-03
8.605033163397961390e-04
9.801194584292568374e-03
4.313989611722171026e-03
7.259457749862035722e-03
3.126567925197245440e-02
1.715421357282033345e-03
1.791863842779355467e-02
1.962928427634607134e-02
3.188989772405196807e-03
3.871019532454972323e-03
1.196929151005273438e-02
1.549278706362278504e-02
2.090507866422124713e-03
2.946079461568084507e-02
8.729380400725517131e-03
1.020135401944992706e-02
5.736299155686963580e-03
2.483363025936871638e-02
2.014431096326213186e-02
4.171859698888149594e-03
3.707123431390213584e-03
1.773525527109224773e-02
3.570119689654059625e-03
1.399316905966643994e-02
3.122279110148938955e-02
6.866804591546838213e-03
3.513311036307082205e-03
2.622334162087693391e-02
8.416649447769082235e-03
2.130575162652597818e-02
2.989832515994922998e-03
5.034207229191349020e-04
1.255186120192644007e-02
2.125075912509891141e-03
8.303323088743568958e-04
2.685655680082187080e-02
1.645390678628404213e-02
1.631533426522562610e-03
9.801067386154761925e-04
3.231910502443934019e-02
5.941639170298558537e-03
5.332248456296521770e-03
1.627448537794879682e-03
8.415176702903117562e-03
2.406684530732098801e-02
5.911615114866620828e-03
3.099112130661562520e-03
1.053347535100131573e-03
1.986718974868562776e-03
6.830728352052907112e-03
2.880695379269211306e-02
2.529062080653857181e-02
3.219423986016690074e-03
2.906209602001239012e-02
3.809771542753656592e-02
2.831561969901733034e-02
3.812967835695943875e-03
6.978746006581861873e-03
1.432763634402134736e-02
6.273876641275264072e-03
1.804025281675491858e-03
1.250990067423179454e-03
3.240148687764483372e-03
2.068303549878729164e-02
8.640037923026736358e-03
8.406483100592875013e-02
3.330685968968838655e-03
3.113330052256934222e-04
3.529445295676589961e-02
