1.209248744623065558e-02
9.822190587634516742e-04
1.783113723177807974e-02
1.057970203354346127e-02
3.430107410552141710e-03
1.209548660254202747e-02
2.730691403594063052e-03
1.058643663271136535e-02
8.471363475311836921e-02
9.806072588158659675e-04
1.195859082340609662e-03
9.051315648887194726e-03
1.209044193893929389e-03
8.537735689919140336e-03
5.524353046400177179e-03
7.706623522885983762e-03
1.366327384313408000e-01
4.747707739597605697e-03
7.937973193667990576e-03
7.085379180610140064e-04
7.763590277501459429e-04
1.416515342117973734e-04
6.796357282275904740e-04
4.236733974827219286e-03
1.586302861721904708e-03
1.441343615329677931e-03
5.395259016829362245e-04
1.508659768632579978e-03
9.606417164344863147e-03
2.873132513013468108e-03
8.940045746510376715e-03
1.224209478134472961e-03
1.884860912811018750e-03
7.229427895260850988e-04
1.085820302898368866e-01
2.189307629307873752e-03
2.172645787131255099e-02
2.106960351243328429e-03
5.088783335200906029e-04
1.407373569714121322e-02
4.294798932078072230e-04
8.805474503792128441e-03
6.666998267842138811e-04
1.413652111671259747e-03
8.693285087153564562e-04
1.278793802887172835e-03
7.979554223514930119e-04
4.590682822808972007e-04
5.463311826949950349e-04
2.520184024230505155e-04
3.145839964773359827e-03
2.249237265284683828e-03
1.092083464908513366e-03
2.899973964012501904e-03
1.361878627939511763e-03
1.231263246844841027e-03
1.223192309146337378e-02
7.147057128036764413e-03
1.505187020897334705e-03
6.652991766667223222e-03
2.441274509224512779e-02
1.962461923651248347e-03
5.390175618847229191e-04
1.728908946668174587e-02
3.495723433968022601e-03
6.263710376979274644e-03
1.518738119646446559e-03
6.134055369173117443e-04
1.579285879195911103e-03
6.584607773586392994e-03
6.156389830966415861e-04
1.014260900699648187e-02
5.877574547476965665e-03
1.949845083048505536e-03
6.774330133691582826e-04
4.300624012513285942e-04
1.019125928013392326e-03
7.757922193892087710e-03
1.258093644270134315e-01
3.915827821605134818e-03
4.709687110610898814e-02
3.171830250177242686e-03
2.319518975711406649e-03
2.343058274011083214e-03
1.950317130669482549e-02
1.421638620698951853e-02
1.276871322344650273e-03
8.153734081634533490e-03
3.821610758078934286e-03
8.680001993024023810e-03
1.902460357294819514e-03
2.670810258686303826e-02
9.855129339267373976e-04
8.684485734324801087e-03
7.020410556337067709e-04
4.027722545455225981e-04
9.899657407072188532e-04
2.803176311134550954e-03
2.251435816106437532e-02
2.161005505384417172e-02
