1.867643178855756328e-02
8.185529351142913773e-03
1.457330816225606588e-03
4.035606627422119730e-02
3.262905798892261344e-02
1.227868028811155733e-03
6.356402351394653538e-02
6.583935594271012569e-03
5.459094253777019637e-03
1.341990574822728849e-03
9.635129082207748510e-03
1.041520725421433806e-02
7.144129895179442656e-03
3.714686398717654842e-03
6.504924998482480326e-03
1.710630967516775123e-03
1.645955334619129268e-02
6.602277368054418685e-03
1.144959810258079809e-02
1.174192955017879930e-01
2.043014230954934545e-03
1.252994482221236145e-03
3.273367226522278656e-02
1.404906268339852979e-02
3.670264456532700004e-02
3.215690366393242784e-03
1.302237953781765212e-01
1.906109282755484927e-02
3.404312628314938322e-03
2.575471984335875666e-02
1.686207367786787120e-02
2.780016420463861729e-02
1.138894790476213149e-02
2.592585627009198063e-02
7.029285033208416619e-03
5.485949153982863646e-02
2.557874089989360927e-03
6.185113648580158226e-03
7.443743827659208591e-04
3.063505037504582126e-03
3.617005556172216748e-03
2.379410685543093418e-03
7.077324389980973150e-03
2.442730183681806472e-03
2.387225618423359161e-03
1.208175186275874113e-02
1.658603537817668035e-03
1.924423898235052069e-03
1.710730414581774442e-03
1.693263476930134959e-01
