5.153107957239741986e-03
1.464552499113163167e-02
3.286225890862869148e-02
3.008297107772393061e-03
8.126694233099439335e-03
2.048498629384717593e-02
2.704408044326168242e-02
2.119474924395582313e-03
9.063356145344305878e-03
1.397829948154855929e-02
3.537534157489492792e-02
2.050146893710388767e-03
1.098678138438420604e-02
2.287935827709082319e-03
9.094375455284740492e-03
8.497442610537054089e-03
3.859764454340191241e-03
4.584984170353728627e-02
1.151879804706705535e-02
1.742860226711398291e-03
2.134877788497666420e-02
2.102219432613842975e-02
2.128168431700041760e-02
1.358482263644546564e-02
4.794705586998617049e-03
5.873680160273607800e-03
1.856727105058119179e-02
4.214428710133140410e-02
1.133154029020718052e-02
3.783743531087980366e-02
6.607610665421421829e-04
1.118056884696379261e-02
3.629882362841717249e-03
4.999096415242539754e-02
4.092973500566900180e-02
4.139707283939570055e-03
1.101581242279694702e-03
1.793533086947505031e-02
2.092959404518450993e-03
1.282100141041789135e-03
2.734546880050131752e-03
9.666721945107347932e-03
2.355160947402429317e-03
5.669864819887101073e-03
5.141856643326580580e-03
2.436177127280106380e-02
2.696152637123422433e-03
3.981516630529516321e-02
7.166036355157623557e-03
3.703231749088445324e-03
1.537012046879923698e-03
4.927293888568541787e-03
2.065931172146573055e-03
1.266797461232543756e-03
2.909310953345682974e-02
2.067287906986314729e-03
4.064737713153193308e-03
1.424285716395591898e-03
6.472431479329338218e-03
3.882371460456189582e-03
1.012725285006698880e-02
4.215645406775049564e-02
1.441437355476445645e-03
2.882681737133165750e-02
2.960017905022584769e-03
2.817830885992532453e-02
3.556275460973529201e-02
1.916303707698720432e-03
6.149883537764988875e-03
3.126966633707380094e-02
4.300906128963344517e-03
1.820887513726001869e-02
2.333858693831450046e-02
4.147970205115302303e-03
2.823639349681324878e-03
