3.378644030866750220e-02
2.785582195579895150e-03
5.158752195562799417e-03
8.488271588075690932e-03
2.959406595881099600e-03
5.487293680994646166e-04
7.167138983728653205e-03
1.725870055175663872e-02
2.760963277575238361e-03
1.278289236613194997e-02
1.908713019981249717e-02
8.145279271746826491e-03
4.392091524984461509e-02
3.097533540254687853e-04
3.883148717085459223e-02
1.013575727806863974e-02
5.920845442321877143e-03
3.968360477946116481e-03
2.308757647651581840e-02
1.724296548958467734e-02
3.576855410112929606e-03
2.150111833892346357e-03
8.130123215999103536e-03
1.004135212720898285e-02
3.373913440904735116e-03
1.638648061492837052e-02
4.109348294433159965e-02
4.059361393493850396e-03
7.021724152577194823e-03
1.331725409576071072e-02
4.612178502569534710e-02
1.629124883240415291e-03
1.699562833584568940e-03
6.507721268909745331e-03
8.857613774958510849e-04
2.595484903301816491e-03
7.302428681592687369e-04
8.859454152557999767e-04
4.030725104535380111e-03
8.474622710672681525e-03
1.230368119979850794e-02
1.045860459109777124e-02
1.637552077690625002e-03
1.478313963129187537e-02
7.688345692128133527e-03
5.814488576300220687e-03
3.501184876340356772e-02
2.189885337802633010e-03
2.748432725018701631e-03
2.415024224105997638e-03
2.167600617131118512e-02
2.008257642945864355e-03
1.672499797122586288e-03
9.244792054530690667e-03
3.902215407920395489e-03
7.423179509079389123e-04
3.862083335685417146e-02
1.218237645525553463e-02
1.122840578557937966e-02
1.610199161753092870e-02
7.149540499239609957e-03
6.348235992864544736e-03
9.681171321029741553e-03
1.325675806214236113e-03
1.989958104031286791e-04
5.469688014169083595e-02
6.995210675121659935e-03
7.698440442743936969e-03
1.855810293169576561e-03
2.450828671274082708e-03
1.374067284384964185e-02
2.355160095879570148e-03
1.343867333633721149e-02
7.441161167444291895e-04
2.410079147215666608e-03
5.249849897769089981e-03
1.503950189243626230e-02
1.799654712718834829e-02
8.162010855877605692e-03
7.174388593116774737e-03
2.595220606210925721e-03
2.487991671830713444e-02
6.359392225117624364e-03
7.460452912261219920e-03
3.137050533958466586e-02
2.500096851443261211e-03
1.805856491672659311e-02
1.579522534980226439e-03
1.923629749442926822e-03
5.342638267252191112e-03
1.577498051246387437e-03
2.834347317765563510e-03
4.209151707070791192e-03
2.457463398180370628e-03
4.199743853238902674e-02
6.530887914179215594e-04
