2.900534351732949809e-02
5.476734529149627356e-03
8.041569340088167844e-03
2.953574158111402486e-03
3.813239747088990189e-02
1.467516860632404538e-02
4.047260351354521613e-02
8.170641445049961482e-03
3.238799235389838369e-03
4.442219245049602860e-02
1.859177304579650832e-03
4.333917423458490017e-04
3.815646901959124371e-03
1.242224534555620361e-02
3.716345003782383933e-03
5.276897630434738279e-03
1.577623563554914326e-03
1.126958459278484294e-02
7.252406382033673229e-03
4.968753624794096900e-04
1.386139219303432479e-02
2.863166460054848358e-02
6.253786322296820202e-03
2.854449360468738067e-02
1.003832362961767574e-02
2.823243908363603973e-03
2.539523212644783506e-02
2.062381837406306474e-03
7.491005788952657561e-04
8.793948756371305214e-03
5.157560339783440369e-03
9.629300177822857059e-04
2.603680084545292872e-02
2.516538785745183956e-02
8.315298748694504444e-03
1.748922396385022351e-02
4.483759023503736639e-04
2.854722315463087759e-02
3.987337223238084788e-02
2.739657094579852140e-02
4.404785482699413030e-03
2.191371381376871000e-02
1.720333503139405071e-02
1.219529932197377549e-02
1.355260828353192304e-03
9.522853714705244166e-03
3.075743285093210377e-02
4.368982574319160359e-03
5.226805245233591413e-03
3.552450288069625844e-02
2.016777934026416953e-03
1.752224285953297642e-03
1.095073014570123330e-03
2.030814728831554714e-03
2.018680801623168580e-03
7.008972940425881731e-03
1.310335107070930609e-04
1.216558022209412830e-02
3.407533561255509866e-03
2.375567830398934294e-02
4.333279002490509854e-04
1.384225425244538753e-02
4.125180013841342995e-04
6.904166386753442415e-03
1.374468862152415823e-02
7.946655736057940678e-03
5.167226006681993090e-03
2.911384120833670694e-02
4.286155855246380486e-03
1.853287280397096287e-03
2.776985214233712237e-02
3.843637469740329021e-02
3.362367308397124638e-02
3.783936641942484830e-02
3.151574169850581558e-02
