7.502317541658291671e-03
3.082510801432083135e-03
2.903898240929403060e-02
9.956755708294231719e-03
8.929016328373517303e-03
2.714767057404290397e-03
1.012114814198975974e-03
1.235959068818883117e-03
1.275009855347824898e-02
4.730805739438806445e-03
4.473175493575364849e-03
9.301066864532113194e-04
2.688875737361921380e-03
1.457631587973734488e-02
3.215434644154892274e-03
5.229229624146354560e-03
8.089409692539591135e-02
1.765770571329544928e-03
2.120560154742887407e-02
1.716529903517313368e-02
1.114433664450238063e-03
1.741287436898329710e-02
4.172924397169414275e-03
1.612431329384652473e-03
8.403986524441056649e-02
1.873707614629703880e-02
9.473767331603577188e-04
2.879278400687342986e-03
2.579935439870498746e-03
4.598850682423391914e-03
2.906273477279379229e-03
3.050066432903158348e-03
6.056597539446133098e-03
4.810495508516018058e-03
7.037487946599350376e-03
1.934829302419838887e-02
5.929414065617120283e-03
7.754391761335239011e-03
1.176458626552661551e-03
3.111290540393574569e-03
9.431299922236510008e-03
3.729830455462001832e-03
2.874485762103968882e-03
5.831224174852452048e-04
9.911242352083949898e-04
7.320044267536802984e-03
7.011722894746063011e-04
1.554511712949612932e-03
3.253120775694603138e-03
8.552494163599886137e-03
4.921229778239224204e-04
4.220875539157195599e-01
1.215158933097882851e-02
5.373929316635369345e-03
2.906206219084019743e-03
3.616023218975244948e-03
6.102565064854645858e-03
2.179227108219414059e-04
3.228673829635019584e-03
1.080551722203046232e-02
3.326660970008905611e-03
2.090757768975136550e-03
6.771098102123597256e-04
1.345758699424844497e-03
1.751179589240591493e-03
1.012624285512217850e-02
3.636617984452210697e-03
6.021787111360973627e-04
3.124360747057569956e-03
1.735655972189253243e-02
8.382576863431868410e-04
1.677795615099796772e-02
