1.438523673683480761e-02
1.278816414652833751e-02
9.767883909368753684e-03
1.339881129813381803e-02
1.867642866382168698e-02
6.331446183668186685e-03
4.565479510029395345e-03
7.710962751986271020e-03
1.405396731949996175e-02
1.552056890347408916e-02
9.322243308200293954e-02
1.236279112767380570e-03
2.588124905047842900e-02
1.199329416651894083e-02
2.843880347991340277e-02
8.650564711468994306e-03
1.962642724620031545e-02
1.105843147377467235e-03
1.515542074709464240e-02
1.506554622393451457e-03
3.326185897804851896e-03
1.286122786453434714e-03
5.043448950967747979e-03
1.840294207470751430e-03
1.729359607135589477e-02
6.535093677708601325e-04
6.037613953423633280e-03
3.867335425997524105e-03
2.204296255861904960e-02
1.478144001557996599e-03
9.621860244451058142e-02
1.521903232219508004e-02
6.990770483593701859e-03
1.196719246022763354e-02
1.176399986538022129e-03
2.650115769197043062e-03
5.655596919145788708e-03
3.108051306241476752e-03
3.356313806016791596e-03
1.334357389052544252e-02
1.479402235893823546e-02
6.297984608525776171e-03
2.710690572925282538e-02
9.100776310685679965e-03
2.051842565650801708e-03
2.194167961166264280e-02
2.370889010801309135e-02
2.746067708020798713e-03
8.230508619060855624e-03
2.585633400384564073e-02
6.539984384092234135e-03
1.741207801735671426e-02
7.050503061850945654e-04
2.228737363047594757e-03
2.476055851455695109e-02
6.612719888906559880e-03
2.846337115957183524e-03
6.230762740195467352e-03
1.198990014962505448e-03
2.406802493049295735e-02
4.820041214803361465e-03
5.805050064387114531e-03
8.248865714428765469e-03
1.902559741308239251e-03
9.398102338859367841e-03
1.607839939388260118e-03
2.780385731396524049e-02
6.245870768924754752e-04
2.939092824120048165e-03
4.108097307541855488e-03
8.406882934495440302e-03
4.698396034889923932e-04
2.024199451835287464e-03
6.186796663985943100e-03
1.897418988722147015e-03
7.623958502692522714e-04
2.122959575261387354e-03
7.304255559727527297e-03
1.497712261424244450e-03
9.065314996593546934e-03
7.332984593382637804e-04
1.083523733495565279e-02
4.075436618195258970e-04
1.151092859450879996e-02
1.315742774237330971e-02
2.753256419017564502e-03
1.535636674422992658e-03
1.232324779262160101e-02
2.154792731239509387e-02
1.757114844500354787e-03
3.325675937374972940e-03
1.162871141895496264e-02
1.044282847516962189e-02
5.960803248770934169e-03
4.075556363693686422e-03
