2.072232806860390894e-02
4.504918799281404374e-02
2.282341262679659089e-01
1.426291485707155138e-01
1.011648697580950634e-01
2.296074426034909813e-02
3.838164282148295858e-02
9.353808934105885264e-02
3.838483421655913136e-02
8.623865114638753007e-03
2.657971262352227734e-02
2.001275806257222373e-02
1.288274803940970929e-02
1.395273416273879429e-02
4.597968327659815967e-03
9.465308725633695894e-03
4.470343318765827856e-02
3.758064199003639718e-03
3.827730077548097132e-02
2.605705797297778320e-02
8.726956550308338084e-03
1.762768427375775021e-02
9.837950112616110701e-03
4.151934020169465410e-03
1.967955255420795330e-02
