1.134731156834167982e-02
5.100108454698006749e-02
4.847225460079140208e-02
1.700732320770609318e-01
1.041619691825825152e-02
1.552087011847342289e-02
2.299268937957874362e-02
1.178454108759489395e-02
2.818638319772533585e-03
7.352230583463900682e-02
1.723432837257677167e-02
6.837960623259199677e-02
1.831786144001261787e-02
1.330856423861276512e-02
3.166632347782357554e-02
2.996143270707323988e-02
4.814955594438646846e-03
9.487678725368535460e-03
2.864555012917764931e-01
1.246421786190252644e-02
7.786962886665187156e-02
7.575524752949563956e-03
4.515251986730592706e-03
