2.884717644020603697e-02
1.049302644953052921e-01
2.415687672133125241e-01
3.071191968423599497e-02
3.011711274874901562e-02
6.773927196290815966e-02
2.365821514865200544e-03
7.008983393361291336e-03
1.142969131468908085e-02
2.360184711480698555e-02
4.045399121253286101e-02
3.994236631423698884e-03
5.301853149553047845e-02
1.510720130612733247e-02
1.457585024719377023e-02
4.074640511172391427e-02
1.795560739934570424e-02
1.004584984250423974e-01
1.466585076109058576e-02
2.298524181933022173e-02
6.580432321358339887e-02
4.513113184701544184e-02
4.251747671793088337e-03
1.042201744289254078e-02
2.108509532934800187e-03
