9.885220686835397702e-03
2.623035726352608565e-02
2.609754075971260079e-02
6.690898019653506931e-03
4.072724375642218508e-03
2.479138982207585579e-02
5.094616105714436932e-03
5.324036354511742751e-03
3.794616734783093533e-03
7.297280646237739275e-03
2.639503297429962678e-03
3.182782654427098335e-03
1.743326242456943662e-02
1.509612608059954578e-02
7.243011518530540274e-03
2.128012548399592710e-02
2.928323599476981981e-03
2.318016666820593100e-03
1.761878509880106247e-02
1.652432049101232314e-02
1.004655630623090164e-02
7.672512745921382209e-03
1.629012761561331787e-03
7.046504133183727377e-03
2.121986046022921769e-03
2.841830918017268157e-02
5.285262116452941680e-03
5.029940105958252694e-03
6.019628906457571288e-03
3.751621761683792550e-03
7.301643542013282369e-03
7.078193542521037628e-03
8.229506850364205414e-03
1.729948714836871196e-02
8.877762443220865371e-03
1.732521725755403405e-02
3.212020605442673926e-02
3.452531660831871865e-03
1.173739358704189994e-02
2.875696248896707132e-03
9.934898592191269279e-03
1.788829363206631898e-02
4.207978327414025818e-03
1.497661208842581380e-02
7.753270605645116130e-03
4.650766800448325432e-03
4.186831446074932433e-02
2.639687191107406312e-03
1.465229504077835039e-02
7.521391501458947818e-03
3.201507697109208517e-02
2.506386137524697997e-03
1.087932332352363821e-02
1.195373923755966260e-02
7.632829615776050639e-03
1.274061929351975701e-02
4.749423527835172285e-03
1.124534215114785310e-02
1.207477216360559229e-03
1.450332665242430076e-03
1.735992781297363702e-02
2.200096290966322993e-03
2.094128876340460490e-03
2.456888438958582110e-02
1.449096658384977374e-03
2.632026074011768052e-03
2.345515311010894395e-03
8.193398478685507205e-03
3.391610750774744221e-03
1.811254178278601072e-03
7.397210533171707722e-03
9.817649261407572145e-03
7.393988279018882948e-02
1.076234320860051767e-03
8.693075457915632256e-03
2.589126879453641783e-02
9.244764844064171788e-03
3.155649291169339461e-03
7.663256491511204367e-03
3.803608788745892807e-03
7.116885961210084495e-03
3.057990306033888522e-02
1.634507118941118387e-02
1.041392147545204885e-02
3.962033432064493779e-03
2.939837864544837896e-03
4.565401801661169053e-03
1.436115539562979326e-03
1.559371667204210218e-03
4.866212322392147668e-03
1.043211119532197993e-02
1.485858864185170313e-03
7.233321083262941702e-03
3.357001867618115889e-03
5.730813016861583927e-04
1.799392089391866484e-02
1.654165923258370556e-03
4.112594582636188226e-03
6.671630836239874664e-03
4.637050880339082214e-03
