8.615461420483399441e-03
1.886902233918820795e-02
7.009914971334563205e-02
6.427672952626643788e-02
2.849188782668347127e-03
7.688282014329604619e-02
2.683525222204317245e-02
4.917422779055226865e-03
2.386335067432084067e-02
1.309219338030407319e-02
4.973526155332200910e-03
5.568931304658220581e-03
4.423656447033263994e-02
1.519480770304091483e-03
5.538393883279934399e-02
2.549847838634160604e-02
3.113058896434997905e-02
7.185942187840127851e-03
5.568905036040973019e-03
5.150018138156912256e-04
2.988790563780150192e-02
2.674591779057108355e-03
4.494595014924258197e-02
7.075777947410313504e-03
8.169904225645763240e-02
1.276725326785234718e-02
1.085708233710311159e-02
5.868945950758222563e-03
2.818977817247292697e-03
4.233585849593208411e-02
2.747291792015625275e-02
5.446229731216080221e-03
2.007615245584053187e-02
2.112720005567823162e-02
3.599864356717018959e-02
2.304062336834045502e-02
4.876768225649728145e-03
1.363971371172083800e-02
8.066325550844815782e-04
9.228873705881987478e-04
3.589062359834742366e-03
2.858000170183333868e-02
2.613280026960312398e-03
7.594558050866240424e-03
1.708827960348410823e-03
1.385537040288516326e-02
4.000102294609939914e-03
3.866253977149291653e-04
1.041529678651787350e-03
5.040953862320176476e-02
