2.955476107330008012e-02
2.362553009761619340e-03
1.697061650843307776e-02
4.024358577275750871e-04
4.021731935903482928e-03
3.795289529412968627e-02
1.166476932986325495e-02
1.305764891800614488e-02
1.435077792316491810e-03
1.964641844980107716e-02
5.385394288404612637e-03
1.103386012354715595e-03
4.697363798226760270e-03
8.735720170305190727e-03
3.339725131084462367e-02
5.082599308599325925e-03
1.327380219855570954e-02
1.621966907968705506e-03
4.172283593310148779e-04
1.278198325550371911e-02
5.011398780667194325e-03
4.084342813277287015e-03
1.419816850111196675e-03
9.656569064063329558e-03
1.026016016845978512e-02
9.954179356966933942e-03
1.131803947213228835e-02
3.836883088115965504e-04
1.255207411651673363e-02
2.065129314288500703e-02
5.957086315809143051e-03
1.286055772209365386e-02
6.866767755919034148e-03
1.093419718293617109e-02
1.599985970110813852e-02
1.932389334147451964e-03
2.260296473981372734e-02
9.396960440952434714e-04
1.001369547890488838e-03
1.819671694571064688e-02
2.945281863279292783e-03
2.100519187916228409e-02
7.643329790117578924e-03
1.957235008121913176e-03
9.686883475237694982e-03
1.263620324490017863e-02
2.582281494622745699e-02
1.323463245622456385e-03
1.193145681677273452e-02
4.381432248229641694e-04
3.690096091299110547e-03
2.313421567039324403e-02
8.135747666363031191e-03
1.253659390244756661e-04
1.572549273863043913e-03
5.410742597009798004e-03
2.277163423472015284e-03
1.838068272720516519e-03
1.745789364218272815e-04
4.955700076210796737e-03
6.980045399421407233e-03
1.199298716613175818e-03
1.708815470757843458e-02
9.506376845715503246e-03
7.788339791991436001e-03
2.294829936438167860e-03
1.528164941786042640e-02
3.985417261465386556e-04
1.974746235652136833e-02
2.485564219138426591e-03
1.124309577877511020e-02
5.233749591534954046e-03
3.455311786946138435e-03
1.980924934931554970e-02
1.281554547088501524e-03
6.721774497631126215e-03
3.161635077941954419e-02
2.449039664906184875e-03
7.684703737118887823e-03
1.789881573770345582e-03
2.955272651560120201e-02
4.839988897883940847e-04
2.851304254486668969e-03
7.575260734619883481e-03
7.515592355159837062e-03
3.225866658648627455e-02
5.169347807530256557e-03
5.172339323226337812e-04
8.670877192715569642e-03
3.101072137614055077e-02
2.142559747296638936e-02
6.780485926010964247e-03
1.625268926161233668e-02
2.060362196230006160e-02
7.243485852724628783e-03
1.727277117408664020e-02
3.026512309780285057e-02
2.160741130165811166e-02
5.409197324405126163e-03
6.259099738561514420e-04
