3.732601551314125316e-03
3.261840915497789262e-02
9.200808614422228797e-04
4.892496069504007235e-03
8.769616832908513036e-04
6.368387932851675122e-04
9.293992821917666791e-03
4.201838466893145080e-03
5.652084958985030202e-04
2.159010726703863153e-03
7.193228799817312502e-03
1.205533997770140593e-02
2.057840118892613219e-03
3.249189605026934786e-03
1.668094349044923347e-03
7.429425721095466173e-01
2.849715242673802338e-04
1.811563271932502316e-03
1.545285200243361147e-03
1.024618658549845268e-02
3.011457044739515088e-04
3.087985307375048713e-03
3.759140476540095803e-03
1.287731713469654309e-03
4.067086212101604431e-04
6.961725169253606127e-03
4.014439554946816653e-03
1.332670522882017840e-03
5.157725103870680660e-04
2.296355920075346564e-03
3.345414840753178996e-03
2.767478400254698174e-03
5.976656732522658312e-04
6.508124443745906887e-04
1.236358220427259463e-03
1.329643693994278422e-03
9.233759927443639702e-04
3.347270121313142320e-04
2.007944461143365686e-04
1.453471400924107081e-03
1.921424068609313245e-03
1.262384603842350329e-03
9.651621467733859441e-03
6.733109231125165373e-04
7.557512812426779233e-03
2.131401608697938948e-04
4.083180167084018118e-03
3.677564718777065673e-04
1.189966837279546677e-03
6.318904818028019425e-04
9.783387571075231968e-04
1.039911457396623315e-03
9.863529981307102637e-03
1.402671662647507825e-02
1.080393042755053816e-02
5.895452955548853829e-04
4.610086845167993101e-04
1.958916333452841944e-03
3.660470491770428502e-03
2.377359662177999829e-03
4.760031335421881747e-03
9.364623068068626127e-03
8.643870502269393507e-04
2.971512584446807511e-04
3.264583946212879146e-04
1.121134905268288693e-03
4.536127068825452214e-04
5.685349079729885586e-04
1.203538115050173385e-02
9.235815454830209820e-04
2.715540804652796011e-03
4.985057109582048500e-03
6.928571363512367898e-04
7.397027736350017882e-03
4.275773854403503208e-04
