2.769166856650072048e-02
3.812724322141060329e-02
2.080534979667195833e-02
2.222141779041477971e-01
7.509356152052108768e-03
2.766729677896211104e-02
3.316862984922924057e-02
1.569968329467352416e-02
1.770130981900138248e-02
1.423864621912626291e-02
7.777940268683522160e-03
6.692835295341090229e-02
4.641128698300960725e-02
6.929317813507733514e-02
3.387928835126437221e-02
1.509290072959447275e-02
4.749432319306150577e-03
5.528649822633745908e-03
2.801522998777219303e-02
5.478013256507561178e-03
9.803004869743218996e-03
2.314331201169607388e-01
7.907412286311405955e-03
1.750515641454321097e-03
4.112831267649480482e-02
