1.545957421431073953e-02
2.333690707382930773e-02
4.045575866309397139e-01
1.909505301709453831e-02
3.585995012454996911e-02
2.418653153985889353e-03
1.592679604374938954e-02
6.094125314076565686e-03
3.574868933878538185e-02
3.730177051532303917e-02
2.738253996239816725e-03
3.066337397873234935e-03
3.535395766264062128e-02
6.964150300958491316e-03
1.188935176392537547e-02
5.139736393076592760e-03
7.292284726264496898e-03
1.289177697972953597e-02
1.177637009800668044e-02
2.018140676152908267e-03
7.127154430075736437e-03
5.222980346518799229e-03
1.881299762095411205e-03
1.079010863671989520e-02
4.150123314360646375e-03
2.589883876850466657e-03
2.252849860992680447e-02
1.045177925812905938e-02
1.540680168391316517e-02
2.275846992818359414e-03
2.120307339723653817e-03
3.875672810492396866e-03
2.495525832289494008e-03
1.451856304660001720e-02
1.880449862987204667e-03
8.171834077454536924e-03
8.329662455839303634e-03
2.758210346009738745e-02
1.204965098259938062e-03
3.746332304988676809e-02
4.885051409911419541e-03
2.510357710507213347e-02
2.590938568901055266e-03
2.619864734182625332e-02
1.933755625570217048e-03
2.944329438437426425e-03
7.454262505282457929e-03
2.307045854979591568e-02
1.355927802361149223e-02
7.263352065040226506e-03
