1.980181198900686848e-03
2.800348132267460946e-02
5.886090742303754127e-03
2.057567293135088415e-03
8.112320950592688540e-02
2.755748003798930146e-02
1.092797066755751487e-03
5.743539360636938478e-03
1.772291961523071290e-03
6.857801890087295493e-04
1.023611474128516274e-02
3.822981986061646867e-03
7.700165858124594087e-04
4.125015869076125406e-03
1.107434101718837022e-02
2.969583245665212076e-02
6.574108486542810936e-02
5.766260565878893705e-03
1.756880787799990767e-03
2.673825493974171796e-02
1.002153354833878150e-02
2.689073966541887916e-03
2.854411138180449128e-03
3.292244892238140302e-03
1.470922242309522432e-03
4.945966212674752366e-03
2.436605830716914636e-03
7.271954718017240027e-03
3.459287822342201058e-02
4.322570163395368648e-02
1.144327674909067886e-02
1.644273955118496708e-02
2.098914061074408366e-02
9.004489779962659849e-04
1.568336683573229307e-02
3.762928926697244568e-04
1.501676588255979484e-03
4.482750629959755991e-03
2.280156282997245973e-02
3.501339032205108386e-03
9.228588110139573919e-03
1.958344626110765548e-03
2.280081671293244377e-02
1.315512928372287484e-02
1.896659596329707161e-03
1.435064517563363912e-03
2.449113075511432768e-03
2.421463755760584324e-03
3.070337280245131160e-03
2.048745980100023789e-02
1.172454535921128947e-03
9.288370831804790631e-04
2.272987003725441147e-03
5.279352252224054970e-04
2.674376687007223689e-03
2.512686545157512968e-02
4.102962774565145632e-02
2.957545422556742860e-03
5.624939346372503403e-03
6.488683376369619796e-03
2.036444846813692186e-03
9.152989342905438683e-03
3.713522712701368324e-03
2.770547437269723148e-02
1.824211184957806944e-02
2.477564331199748858e-03
6.328672573579116091e-03
6.592689909829165668e-03
2.514913171104320080e-03
2.515876870652570662e-03
1.960129101602490868e-03
3.661071836276864173e-04
1.104746750680033959e-02
1.370498010970678301e-03
5.394990448705572379e-03
3.147672344656540083e-03
4.409940963553945180e-03
1.875320027442887137e-03
3.575780573594880985e-03
1.064194883760837592e-03
8.951090900404331694e-04
2.986781860534656538e-03
2.392707093685651678e-03
2.260825593994214653e-03
1.396174995050637833e-03
2.292464666528130912e-02
4.844982413404142147e-04
2.616636875591103837e-03
3.198789262613777572e-03
3.881951230677084530e-02
7.884612786094472112e-04
2.035053722171245583e-02
5.816879263311994230e-03
8.340501443876149543e-03
3.707352905483561091e-03
4.978206519419465376e-02
8.434927048510509895e-03
4.477751131458387879e-03
8.046166369772126542e-03
2.526996897508687265e-03
