7.538192831057160571e-03
1.043976191508100282e-02
2.685421321056879335e-02
2.947484385113026406e-02
2.902468471110682211e-03
1.894558788621283213e-02
1.534123834765129674e-02
1.667888332014734812e-02
7.352252897910490845e-03
2.118271454961395076e-03
1.448546304608663501e-02
3.140725290642836648e-03
1.032438652507884852e-03
2.147806878035683764e-02
3.210966374296847416e-03
1.468427088776470824e-02
1.199710202141134920e-02
1.157353092930077203e-02
5.045829910990820046e-03
3.895653875557782315e-03
9.492213338617211740e-03
2.410270799907835663e-03
2.706120660137240064e-02
7.185742255965124267e-03
2.202900225278723451e-03
1.244919474002855559e-03
5.047937343134715690e-03
3.041193287981656945e-03
2.479830389103698102e-02
1.181768365313147495e-02
4.932877692546551798e-03
4.830218392660692861e-03
2.325317465015199880e-03
2.422998487067284240e-02
9.563059678408186021e-03
1.290221247170050822e-02
3.373983569443797341e-03
5.514135160515578130e-03
1.399751042333861363e-02
1.606016485854463646e-02
1.647156063382215372e-03
2.979982394640824737e-03
7.071203360459066972e-03
3.554099820897309997e-02
1.014834740872212152e-03
7.079534102134704947e-04
2.212387543047435266e-03
1.402082064457932506e-03
7.358493056934705019e-03
1.156144804547257383e-02
1.601761725140525908e-02
2.700924144804806026e-02
7.968562098752388079e-02
6.579648803583189147e-03
6.852197652838776503e-04
2.749179832148953943e-03
1.754481082409540052e-02
1.051017631484302793e-03
2.875914649672858727e-03
4.958134742022826322e-03
1.418883641203260576e-02
1.109060252622182247e-01
1.975024843041990955e-03
6.090841130688745900e-03
4.183389965578076727e-03
3.126334127456431404e-03
5.600701894976134465e-03
4.204767300702906899e-03
4.293045044888481928e-04
2.820574305759865948e-03
1.181350808419609315e-02
5.101816213526459004e-03
6.131622124642431559e-03
5.289271285508139603e-03
7.468036942926104330e-03
9.920005502408561771e-04
1.879121986062635280e-02
1.528471123145215722e-02
1.069893249138646708e-03
7.813658031441031437e-03
1.165591017710764605e-03
1.048528071731614185e-02
6.561889178046907516e-03
7.838081098274247028e-04
7.324444265661418478e-03
3.703712163699924339e-03
3.042218906057204703e-03
6.776311534391582340e-03
2.056605404815390389e-03
1.022053671701925529e-02
3.071941736577508963e-03
1.028731150282452024e-02
5.642407962479631910e-03
4.828882874193875761e-03
3.285401340374230397e-03
1.034075189469015532e-03
1.347062344069198565e-02
6.898502447701407997e-03
1.455077459336095135e-02
6.535993453932704500e-04
