3.667142199635620072e-03
7.134788446966948416e-02
5.773060157211291725e-03
3.829646606100970980e-03
9.379528312774908227e-03
1.742066858726052736e-03
1.373877597199054355e-02
1.504649134487123785e-02
1.500216523257987900e-03
8.931880327757645791e-04
5.004620097142248314e-02
2.233229889611990614e-03
3.478391698759866649e-04
4.042453128442706489e-02
3.237575440350707462e-02
1.229877568683870491e-04
3.420554563906790246e-01
7.523358383183718218e-03
2.449850080532852466e-03
7.030528966703315352e-04
5.027661662166948986e-03
2.897009807302224939e-03
1.064468032939794393e-03
1.208523071433755371e-03
1.840133334224179022e-03
1.943273769805049431e-04
6.476998808834549988e-03
6.630354601248546100e-05
1.080866351291625118e-03
5.275874696610933709e-03
6.167210522921897633e-04
4.453391716354240804e-03
1.449844245049115811e-03
5.841378881339143745e-04
5.281251076859898308e-02
1.702102831378878977e-03
8.103419903391690174e-03
1.412531824922378580e-04
2.622158918711676306e-02
6.232987836422823526e-04
4.237296595223634041e-03
6.866841002944388921e-03
1.430306628637139851e-02
4.245464025627692511e-02
1.693239892281670508e-04
2.021942258202849931e-04
6.247917912060034669e-05
6.624276406410698620e-04
3.022723357793746443e-02
1.416873498984644536e-03
6.110317019282849715e-04
4.008962448423995448e-03
3.605095883191227618e-03
2.761599008541212874e-02
2.487327827025957380e-02
5.849827353340651161e-03
4.615287689412759381e-02
1.047864567391028172e-03
3.946971835027075770e-03
1.016287649697657051e-02
3.279161709512185604e-03
1.076228239134195512e-02
3.830079779074725970e-04
7.676979847302761381e-03
3.910741707718034914e-03
1.249046449099763464e-02
5.307045720917494139e-04
4.406607351851921832e-04
1.082617431322864705e-03
3.155487944739123526e-04
1.819527270587767724e-04
7.697239879536377791e-04
1.226286976549442048e-03
1.070777806365682530e-03
3.612391055519481651e-04
