2.377013116585752900e-02
3.501054279096460498e-02
3.006694477759341150e-02
5.632014231701683304e-02
1.681031030475721097e-02
2.649952564109781146e-03
3.573933612688513783e-02
7.518872732693032343e-03
9.290331122055071542e-04
9.603454022521565325e-03
1.760113258523693380e-02
1.698009277515365179e-02
3.217067168608968991e-02
3.023977440031452857e-02
4.168851115562289406e-02
4.383406968747594577e-03
3.039108176660519980e-02
9.176632554115380855e-03
2.127767190493605812e-02
2.461191368330365066e-03
1.669025947968164614e-01
4.673500867476722970e-03
8.134427051271266376e-03
1.470802847379348334e-02
2.088435844845114644e-02
1.496625560900847161e-02
1.053317559187295221e-02
3.688401167658074496e-03
8.314792494028448028e-03
9.227470619185454415e-03
3.502459956756267395e-02
5.766311706595652307e-03
2.701675648878709701e-02
3.617793103516776104e-03
1.884231831877649851e-02
4.342957833030843678e-03
5.897119347756576285e-03
5.606695234578173287e-02
5.554215689386961946e-03
1.216046221934264857e-02
3.000118447759682339e-02
2.849115558866249873e-03
5.001615299340134851e-02
7.052457587435475087e-03
1.766603186404404335e-02
4.817782360357679081e-03
6.133151647967967791e-04
2.051223214957012889e-02
3.034992043508313083e-03
2.325356980566281595e-03
