1.758198764002959907e-02
3.934665366593009111e-02
3.223687607519774151e-02
5.979679863711774741e-03
9.539748439227752064e-02
1.603351583283020229e-02
2.205430663389264800e-01
9.175645546778934264e-03
4.075286034840536718e-03
1.562764941393690252e-02
6.738169505939337056e-02
2.244244572051492040e-02
5.055307543907033851e-02
4.201434051940080433e-02
1.274803626509487912e-02
7.436131208827854652e-03
3.377433701269054456e-02
7.528233818234243875e-03
2.043934305599811874e-01
3.068745323144494302e-02
6.217433722543134339e-03
9.607964919457921346e-03
9.935525575489769293e-03
9.362203256993635939e-03
2.991984888640297074e-02
