5.642933480885048078e-03
1.814372763020087728e-03
9.548478755513772204e-03
2.333376707645685826e-03
3.191328713646752590e-04
5.580487041235484939e-03
7.295549152289877021e-03
4.364709524863787451e-03
4.476031341232933509e-03
9.071394024636011315e-04
6.782537341221099927e-03
4.590317260563988580e-04
3.606108896021892763e-03
5.756008385284372073e-03
5.499750851772588524e-03
1.998576874761405844e-03
1.117516062942738083e-03
1.922804617375465167e-03
5.098362529678606911e-03
5.223844894219187990e-02
1.060004816737000581e-02
3.571189825070371728e-04
4.607517492290181919e-03
6.504943230794602016e-01
1.522409328619882566e-03
9.492941637760574786e-03
1.344235168382846559e-03
3.789692706681430275e-03
5.927533884391399110e-04
1.776746472379246234e-03
6.236516286247483073e-04
7.469048838532366423e-04
1.382419497010609717e-03
2.962895245405858073e-04
3.754214251805087273e-03
3.390617243982808199e-03
1.989421644508632993e-03
1.889816553336839565e-03
4.397379007476849848e-04
6.844719366808086269e-04
2.922749698414753208e-03
1.465132591232834675e-03
1.521735823919673778e-03
2.078916340304653044e-03
2.869573248321482563e-03
1.731877699966985571e-03
7.244431655037792198e-03
2.706126497711204386e-03
1.008920206778696118e-03
2.790334454496534375e-03
3.848531824568455812e-04
1.308533204101386361e-03
4.876451503836306623e-04
1.643296204673253859e-03
9.851717997290183881e-03
4.771760182464943219e-04
1.037267803355083375e-02
7.680822281063723854e-03
7.453298400984387749e-03
1.810706491148857946e-03
6.368956941275399908e-03
1.055359655480507834e-03
1.339579456860024234e-02
7.889179849149252069e-04
3.359692868142568419e-04
8.788153066105971762e-04
2.739057851951557515e-03
4.079793418051021713e-03
1.028452065172646805e-02
2.573786496054421714e-03
3.710944613572028997e-03
1.542213261285622439e-03
1.009868177182621143e-03
2.332365418156563067e-03
5.987032651612401828e-03
2.511790666079431918e-03
5.387799950930962202e-04
5.451609551660009829e-03
3.152333793855743079e-03
8.094893606360995843e-04
1.811504792343245291e-03
4.432020585236367996e-04
4.759975962661663548e-03
1.738467193268679160e-04
9.565778326203091923e-04
3.439434211501256940e-03
5.878869398280273887e-04
7.332700165505554729e-04
5.207104426844614067e-03
8.496554460782077337e-04
6.870157246881332001e-04
5.408655362833247882e-03
2.608678160404503499e-04
6.505094552169046924e-03
2.197533068308201755e-03
6.853609386500436346e-04
1.398400543532143936e-03
