3.938850043063490958e-02
1.553611950351279757e-03
3.736829009613361861e-03
6.659053663401987705e-03
1.001517106782366141e-02
8.421641340787657318e-03
8.538955684752731062e-03
1.818916454918753645e-02
3.883924897597177111e-03
1.536431885918524733e-02
1.356190508303927941e-02
1.450853172973785854e-02
1.553549321002995094e-02
9.396785399371755665e-03
2.227879459935947718e-03
1.033703440710284855e-03
3.508524038405563816e-02
3.741824403197347576e-02
2.168079347246186159e-02
4.289250768265319078e-03
1.458459026444159506e-02
2.852312724123608808e-03
5.190919201781689883e-03
1.231562335314016418e-02
3.410847703067942244e-02
1.290510734861740998e-02
1.013173911874940165e-02
1.020909280462032123e-02
7.365985193642814698e-03
1.439030016062319874e-02
6.167417441515003068e-03
2.051521906418518962e-02
3.769563213862480323e-03
2.102701370216559368e-02
5.014900737557611426e-03
4.272696327792298819e-03
3.895705131249908859e-02
8.447536156513836894e-03
2.365506825290289092e-02
9.804290262414975393e-03
4.529141531771949808e-03
1.250148482533006145e-02
2.987352947077679278e-03
4.169213950574771413e-03
2.766555849395581357e-02
1.120606903181165306e-02
3.972032381730263018e-02
8.847496570355875209e-03
1.402767578653028001e-02
9.209196317077372393e-03
4.104791986752502619e-03
1.363736436969035550e-03
8.448756842086355481e-03
2.427392653613498832e-02
2.770640274606376782e-02
1.625906149993190664e-02
2.178523125195853602e-02
1.469317489416979011e-02
2.411599326115598883e-03
3.287782525093092822e-02
1.126945320861034126e-02
1.820276129464715436e-03
9.355970789925309103e-03
1.039306780019711579e-02
2.922061623706911741e-03
6.526517917449738485e-03
2.923470705366597658e-03
3.291874011808368274e-03
2.069583477135472638e-02
4.190623300410855484e-02
8.279535855297994948e-03
1.238828181384515675e-03
4.413221733085656573e-03
4.038852807950583240e-02
9.613204041086639492e-03
