3.800705130902628376e-02
1.808856320375155230e-02
2.226146848825303042e-03
7.266255828548875452e-03
2.881510644028270705e-03
1.227082820659453804e-03
6.545819335903315175e-03
1.017304332424254568e-02
2.755030043633100931e-03
1.088997477767277098e-03
1.349532521013993092e-03
9.905058197788906352e-03
3.622060065468927018e-03
1.283355296053459264e-02
4.329876351565203896e-02
2.670453767798139453e-03
3.258023243788124319e-03
2.541266113318812591e-03
9.895472361089478405e-04
9.318349320867478497e-03
1.078709934485603227e-02
2.680266341012179851e-02
8.701317657702573038e-03
1.595303860951079915e-03
1.366085368914247804e-02
1.078056169662469817e-02
2.940014305138329877e-03
9.046710027856978351e-03
1.450395720023309578e-03
5.671861878155185985e-03
2.693080287067357859e-02
4.166282052525117213e-02
1.307196750686981596e-03
8.101003181630022504e-04
8.607449056796024787e-04
6.014755084674782912e-03
8.149996418287445976e-03
8.269561665764839017e-03
8.447952637441047755e-03
1.350335669946361485e-02
6.951374290506998413e-03
2.229108722852179199e-03
1.145623283667304357e-02
4.416488670723266174e-02
4.567519271451963431e-02
3.031177818180962134e-03
1.914853755228650145e-02
1.223038730716611774e-02
3.807887236680995800e-03
1.040515664806161353e-02
3.175428276321523059e-03
5.904173202373201070e-03
2.608912709713868960e-02
1.556683194458345111e-02
3.850067214616694194e-03
1.283876256566711871e-03
2.484195768463266438e-02
1.257610611792516972e-03
4.240881245448242624e-03
1.456368946290565640e-03
6.244289904790811807e-03
2.472923947541261734e-03
1.463903332038524185e-03
9.675347955150341572e-03
1.528657324743785267e-02
1.362104379055586664e-02
6.290809357594837059e-03
1.606396787234516243e-03
9.231929266958792738e-05
3.429141855444229692e-04
1.726553920298425819e-03
7.767952612221165100e-03
2.249996984717291329e-02
1.770285765720809590e-02
2.725648493798836242e-03
1.792890576372512673e-02
5.589308805254948088e-03
3.937404256357016595e-04
1.743339347334526071e-02
1.053073724033113919e-03
2.815798423892302421e-02
3.140033838812818917e-02
3.754059720568703358e-03
4.335345134617230554e-03
1.757351342168670880e-03
8.628249472603969142e-03
5.021697565157041271e-03
3.026848744557977724e-03
9.664706641501548401e-03
2.182462119910601878e-03
5.016140015039054515e-04
6.440637875344074927e-03
6.368370327861393350e-03
2.532052487652450279e-02
8.457971711697924444e-03
4.687155441408434597e-02
2.352329476057196493e-03
2.114875563078657920e-03
6.550794880608883097e-03
1.096791542254106806e-02
