8.775733335408522975e-03
5.417420086134400181e-02
4.585177236590690791e-03
2.768995362379808242e-02
5.942785477074404412e-04
7.695583811167258648e-02
2.292731044370320895e-02
4.395073877452930727e-04
6.112759695971842168e-04
3.761345767951750942e-03
3.513792777111331839e-03
4.200463419318531920e-03
1.620928888791023925e-01
5.289746190135046280e-03
2.672504074068361712e-02
6.978969466550963459e-03
8.535879348139541190e-03
3.869357086384127417e-04
4.879117924201261183e-03
4.275387436318107276e-02
1.588345205985697587e-03
4.822026038640305455e-04
8.827767526751420513e-02
5.664173234894196536e-04
5.631662218001602660e-02
1.003042446066237546e-03
6.610026424970897631e-04
2.303944017730622656e-02
1.998337013270552829e-03
2.856249600810094758e-03
1.610155353340294139e-03
1.231589399317617548e-03
1.485090665100634994e-04
4.669467236889155923e-03
5.730039660589220834e-04
2.329037257699455039e-03
4.313233090796774263e-03
1.594866482070867071e-03
4.688586488542946778e-04
1.876595109457533043e-04
8.500606712013047961e-02
5.764167110624993789e-02
1.515506082099560281e-02
1.682502884981374458e-01
1.860181695799426787e-03
7.647634825504717043e-03
1.884024830526922773e-04
3.498166282664411444e-03
3.815663859692890940e-04
5.839162056124254938e-04
