2.299012168177974949e-02
5.295891672434389040e-03
1.797729304748749424e-01
1.644984211746080031e-03
2.756257493848325232e-02
7.565576730636645224e-04
2.661609367602958600e-03
2.492890880972364540e-02
1.377792033069039990e-03
9.990116269780633870e-03
2.783388869317678094e-03
1.118823676151954084e-02
1.057050791371329408e-02
6.976250353017928070e-03
4.259135711490688245e-03
2.554928366003677426e-02
1.037026363918156164e-03
4.327086531911302283e-03
2.002045837195997463e-03
1.460788102750890669e-03
1.731828796368514375e-02
1.099603881198379018e-03
2.357791256526547106e-03
5.675584976494506793e-03
1.856042174934518715e-03
2.266265821602395005e-03
7.002850402389616986e-03
1.116443711331289307e-01
1.247513427941679496e-03
4.657299757719009919e-02
5.437494680866918062e-02
3.526806089567719078e-03
2.346623553804904651e-03
1.339897854591743992e-03
2.897101019941633864e-03
3.155917939994344352e-03
6.904743451509264517e-04
1.244507033971686272e-01
1.530768418330427129e-02
1.976643321852378666e-03
1.740603694094473158e-02
5.933152035865403226e-03
3.456248276555740854e-03
2.649670203580743212e-03
2.820113641912302136e-04
1.079077919995310086e-03
1.901314672755467089e-03
1.463348821301477731e-03
1.036446741403443741e-02
4.957427052766242258e-03
3.580596093793383949e-02
1.347147440238559727e-03
2.635240262397612384e-03
5.837617235318106603e-04
1.822070357004495914e-03
1.220929572420877129e-03
1.822982996606952680e-03
1.068683866627658657e-02
6.629468523763752327e-03
2.710609707874986601e-03
1.850989198451052399e-03
1.200419479420653229e-03
1.986756635052132521e-03
5.348143688775923096e-03
5.192289056971969782e-03
3.875053812587010531e-03
2.905897478143009902e-02
3.656865405166596222e-02
4.462900957002444852e-03
7.167999413993832690e-03
1.341890517007297097e-03
2.283584452248510737e-03
2.891043639979514954e-02
1.230168066457537840e-03
5.206302325320281456e-04
