1.795267669457938434e-02
1.932242100832173154e-03
6.329401882220127805e-03
1.101119857626313512e-03
1.831419084827337618e-02
3.509798584784615955e-02
1.919848223088370040e-02
6.061108420496958381e-03
3.108566744229385864e-02
1.015017348622756881e-02
2.093420924455750842e-01
2.222052508036815102e-02
2.352458480392283658e-03
7.812254697126048107e-03
1.035796278210759924e-02
1.277269350594341379e-01
4.029693585436922021e-03
1.947938688916530129e-03
4.023595364200965863e-03
3.022921374377535945e-03
2.717270191345466743e-03
4.345800399323383745e-03
3.438187367083127277e-02
7.792930946667019076e-03
3.340722755562353097e-02
6.796450760305361959e-03
2.394027073790707012e-03
1.660679529012955812e-03
4.681370743734192957e-03
2.605181859127083527e-03
3.621123816348613671e-03
4.903742224150614733e-03
1.532599612236538534e-03
2.924742318984689497e-03
2.644347496350416514e-03
1.587571536651002577e-02
3.575960315074250967e-03
3.756756312611136267e-02
1.031923307908179724e-02
1.490466052527632951e-02
9.410225966235388935e-04
5.013483197654091880e-03
4.186323733113697827e-03
7.259847075904195734e-04
1.858967338647297685e-01
9.294956318440380453e-04
4.171585243329153231e-02
5.004367362166856417e-03
1.591674837330733783e-02
9.580611205781230759e-04
