7.275654516346904792e-03
9.211210778463850557e-02
1.469095098095930156e-03
7.578711283428239123e-04
6.288868681731871451e-04
9.125575493158800662e-05
2.043733912616737397e-02
6.467395591806981807e-03
2.377647644474747100e-03
7.924581293853462383e-03
2.148432092826158685e-03
1.790918492809405330e-03
2.425182132894988264e-04
2.275476167607503111e-02
2.157664707200304677e-02
4.488364951501368585e-04
6.821175830646045071e-04
1.720167240866731385e-03
9.018099593908777750e-04
1.809333054586928502e-03
3.007555576674553893e-03
8.069526746976920248e-04
1.395927003500448994e-03
1.784600850130502875e-02
7.384627764479190400e-04
3.261625894955565846e-02
4.694120300611646229e-03
1.974674000321638596e-04
4.049429149454863638e-03
2.293226967807762348e-02
3.748061323425559352e-03
7.058789518976369901e-03
7.540048498056920291e-04
8.336873476536945174e-03
3.613657323189747687e-03
9.057054453261945484e-03
6.935546992150240508e-02
3.247798334670626980e-02
9.330290749534648359e-05
1.406166412611163825e-02
8.369232356681899289e-05
4.689170559867891948e-03
4.392159869313814156e-04
1.455662385534805614e-03
1.734514461125194820e-03
1.047595376519359911e-02
2.079556119457900629e-02
8.100497013595407258e-04
6.698925668421568200e-04
9.843074478555803326e-04
3.289187604119528114e-03
5.117312871155104814e-04
1.681843654686879502e-03
7.973129261020426000e-04
3.780604013273161125e-03
1.294437411922991776e-01
2.182689944508423702e-04
5.252997805264002749e-03
2.846697788764450052e-02
2.443139614401128486e-03
2.693495689946538013e-03
1.267218070226213376e-02
1.415556277668080041e-03
3.850673146987738807e-04
2.426574801426631400e-02
7.410505006449084713e-03
1.117514826610262885e-02
4.945094344775274875e-03
1.291265309069454916e-04
1.316589864979818411e-03
1.717194175042792773e-03
5.244160212152480793e-03
1.942310185735910549e-02
1.140911151969901775e-02
1.246180839998138048e-03
5.300688182694896118e-03
8.468334462787053575e-04
1.374280659489232961e-02
6.830508107811469713e-03
1.554804718762024199e-03
2.234662001270229634e-04
7.325147941539955632e-02
1.319276052117490140e-02
1.590428011735968113e-04
7.559519598437319885e-04
1.745673487738760290e-03
7.513263157115866384e-03
5.720422599240751384e-04
7.988482777043192902e-04
4.354862679646016367e-04
1.162450068340012931e-02
2.222597831526302442e-03
1.736840869010451704e-02
6.177358491526468987e-02
4.579023360444111831e-03
1.482067219281407375e-02
4.596820898549205253e-03
1.286069723564265072e-03
4.069156160902172976e-04
4.669747568532938418e-04
