2.707367389709926936e-02
4.048360303259596234e-03
3.906391334159443549e-03
1.385389973191282487e-02
1.712086825470176838e-03
2.545594358119535310e-03
5.547592884969308183e-04
2.120609829386817279e-04
6.221428576528432834e-03
5.219792080961760741e-03
1.589053702398171303e-03
2.709033339179405930e-03
9.706040918014363725e-04
1.891113111230744923e-03
4.204733259180228055e-03
1.092945430963814524e-01
2.609885284084607123e-03
4.287713315946814138e-03
6.201200868044314841e-03
1.149387941054823802e-02
6.311412975758321333e-04
8.182913580869590267e-03
4.078280072469186134e-03
2.837851330673102791e-03
9.547829488927107866e-03
1.840879093280472448e-03
1.009632796267397568e-02
1.702164981994027868e-02
1.071401505669115559e-03
1.276980375381108965e-02
3.288063307889440012e-01
2.699985290331951074e-02
3.711559614392950270e-03
7.753388422746240738e-03
1.058393673355558992e-02
2.760718578788915779e-03
1.165203508763696869e-02
1.169764686640662951e-03
5.578748764727797273e-03
3.097899870922892710e-03
9.220184182576926209e-04
4.417170173505960244e-03
8.210105818406166281e-03
1.622926742082651851e-03
9.015621199384652590e-04
1.556383063563153380e-03
2.374358157183873580e-03
2.656171076384329448e-04
1.396940430054128103e-03
4.399963214003340013e-03
6.657347418704336051e-03
8.513595531537893665e-04
1.391890727258284638e-02
8.102843700434241622e-04
1.020239882968216986e-02
3.504602583006303281e-03
2.160877849021376404e-02
9.839302100009562554e-03
2.912252043724550613e-03
2.017863869767816312e-03
6.851502597613879156e-03
2.367994480250235415e-03
7.245431406471600612e-04
1.262255686322552497e-03
4.535778939942293128e-03
7.430134528954811506e-04
1.419296517313288356e-03
6.122436916197114901e-03
8.059889187605001832e-04
2.616267919616510357e-03
2.484066655382779695e-02
4.540082606840220407e-03
2.968212014522638754e-03
2.300902050801600842e-03
3.869295849256562669e-03
6.091184052496626325e-03
8.045675150604650674e-03
2.352211218263355191e-03
8.295703419870809753e-04
2.635192994000733029e-03
2.167422880370215368e-02
6.284537885229006830e-04
2.412144869371981757e-04
1.211805299694470282e-02
9.002785251542345674e-04
1.052476146003191240e-02
1.035327837354549363e-03
7.939921560167425424e-03
2.354298003086222058e-02
2.190609864729038420e-03
3.163570483217849946e-03
4.986648880495479687e-04
6.731615957031013286e-03
2.434705718333404767e-02
2.738484169527375116e-04
2.240781786097714116e-03
6.169697237205879099e-03
5.392707269310651093e-03
5.650344470163153054e-04
4.716859584387811041e-03
