2.249758686286899845e-02
4.718735213340684298e-02
1.435875754335915605e-02
2.068250359210558817e-02
1.211020504979662751e-02
6.928487404105472709e-03
2.515313105778582432e-03
8.684608587979101083e-04
7.000982590076028182e-03
1.446255593202209339e-02
2.952598560862641341e-03
1.230811226256714290e-02
9.044051554799444059e-02
7.264395658255947894e-03
3.738374543147268084e-03
5.331692372774594207e-02
7.021982124148277125e-03
7.591406824011429598e-03
6.756160113757144967e-03
1.777292339270739041e-02
3.081616552512796148e-02
1.805394911560411235e-03
1.399305622053723976e-02
7.661863373169489760e-03
3.332028140648445741e-02
6.669822712932338762e-03
1.599500705345172080e-02
1.152002501486229687e-02
1.938381064673148219e-03
1.579134585869827311e-03
2.871570853742882751e-03
7.381405260983293741e-03
6.773263849399336310e-03
1.163193055433948443e-02
4.109041222934785992e-02
7.793619798099254113e-03
1.732438323566288726e-02
1.370680830995704702e-02
2.894373278547016613e-03
3.996285061865774250e-03
7.454652133373484112e-03
3.218631917018196370e-02
1.464704532823610239e-02
7.670217345832787761e-03
1.199287670839469487e-02
3.250894626492161366e-03
1.270121337008953480e-02
6.103465166660958230e-03
5.873156278057856290e-03
9.682193947853001345e-03
7.742745134796244141e-03
7.832224062852036553e-03
6.105707936117458871e-03
6.962503091581037987e-03
4.655529347908394198e-03
1.350017832955060886e-02
1.127871635377250548e-02
3.682951434550837955e-02
3.447724032744875489e-02
2.450409084888866343e-02
4.101217083920902923e-02
1.444309763417232382e-03
4.207572161545385277e-03
2.488880942328889571e-03
8.975167595698533077e-03
1.742955732021295862e-02
6.955276847040480111e-03
4.773609556061200396e-03
1.596306212135980770e-02
5.755136785573393768e-03
7.462594849329399690e-03
7.729616325034400354e-03
8.484407308155597627e-03
8.742268166570737542e-04
2.455144786651306844e-03
