8.405856707644895898e-02
1.818379835202799111e-01
7.825194952808107313e-03
8.472607542661957092e-03
4.625631670214536140e-02
6.223769881293039069e-02
7.733490515548914479e-02
8.202671887227524009e-03
2.916139168148854099e-02
5.183545899112931843e-02
6.621710349692972765e-03
7.279253733611942834e-02
1.716207110991752396e-02
5.132688040180364425e-02
3.314376464343868865e-03
1.958701881833252098e-02
1.553684327405776833e-01
2.725009892906479769e-02
1.548469979074547365e-02
1.801029401786234663e-02
2.622284080480313459e-02
3.870401649536653940e-03
3.495540530480526799e-03
9.207439381118270177e-03
1.306286135299194323e-02
