4.946326860314414348e-02
7.700838198643426835e-02
4.187282909728161640e-01
7.616375225509795788e-02
1.788297849694062830e-03
2.556976121942060656e-02
8.626961008890982052e-02
5.165619865381315678e-02
2.042643483686240168e-03
1.794023380260010431e-02
1.638289071576765760e-02
7.690195557101886037e-04
5.040599365630548528e-02
6.565370313367705976e-03
2.998921654500249015e-03
2.654289098185372373e-03
1.322238668796225924e-02
1.438636103441805550e-02
4.935642688476142050e-03
1.035732440195354922e-03
4.010091129744134536e-02
1.319038612680827581e-02
6.477485565145070772e-04
8.650859600198771218e-03
1.742304765853231602e-02
