1.817760204241447228e-02
4.521527669298677082e-02
2.791149510857697177e-02
5.516146904727858846e-02
9.553746977779872807e-03
5.780354885187613534e-02
2.368617571979200198e-01
4.462852879593850672e-03
2.146305970683145062e-02
1.717285953033266185e-02
2.345543737181455049e-03
1.075080655087914810e-01
3.285303417850068963e-02
2.407520123592514841e-02
4.185054384580855213e-02
2.299682759932950363e-02
2.964794710718093515e-02
3.566623622201566673e-02
7.015423838563956960e-02
1.834220623115079968e-02
2.221386670190704862e-02
7.300197934814269853e-03
4.935868598262438400e-02
2.659496761804378342e-02
1.530876967549591079e-02
