2.540859620246047751e-02
6.909155529461359635e-02
3.049231697639401620e-02
3.555534491484104668e-03
1.410580212142058081e-02
5.395087041098148989e-03
3.440154149855642173e-03
3.233290614888788966e-02
1.852897779754787699e-02
1.154599009327749240e-02
8.512184338511284004e-03
1.231101696294649092e-02
1.855610840291999552e-03
3.926838141321530029e-02
1.956074232660148012e-03
1.223610161849187847e-02
1.486672472360521177e-02
1.007419767818533568e-01
4.131116086615137240e-02
3.799770633896661781e-02
8.588598405831296412e-02
1.855213036167387966e-03
8.319156594545575392e-03
2.373812726066828072e-03
1.464703967928674896e-02
3.077580740693250556e-03
2.750490695135087219e-02
3.095532347236008407e-03
1.268537535864234633e-03
7.044290214849683110e-03
8.603362689950750861e-03
5.545659987169048420e-03
8.970342370295996196e-03
1.911063781920080504e-03
1.894855948638279886e-01
3.012842208590571415e-03
4.784681530372517436e-03
7.183298361048834346e-03
8.428601017386553110e-03
3.708927944831173773e-02
1.073292519547473789e-02
9.137975008623787018e-03
1.062190167334064149e-02
7.734145447838489812e-03
1.259845841506727210e-02
3.687961276758926557e-03
1.571539836117733261e-03
2.326899638749625136e-03
1.950593503916231083e-02
7.041619891885357932e-03
