1.955583576283568409e-02
2.436967427905719491e-02
1.098592696561266346e-01
2.110372366269976097e-02
7.535764678593864611e-03
4.390024641629865741e-03
1.362349303032835265e-03
9.101737072470122980e-02
9.082620512203522451e-04
2.803948892820956260e-02
6.480322664357733922e-03
1.470210446404848943e-02
9.393299648435524812e-03
5.338681170058020252e-03
2.961631346791143010e-02
5.930298032056868091e-03
1.678088518504988400e-02
2.215941883839060711e-02
4.477262145987551123e-03
1.812628898575087411e-02
2.714927457172261471e-02
1.739164791069800625e-02
1.319636437007477674e-02
9.431226753365171481e-03
4.988418037036875669e-02
2.097654816249319709e-02
4.803935870353653187e-02
1.965083661390359254e-02
5.004385953559359161e-03
8.715074373023932661e-03
9.454896065517680651e-03
3.236575116705904531e-02
1.609778308344759698e-02
3.805477145457641236e-02
1.109809535671150114e-02
8.007045887829080180e-03
1.862179940657866448e-02
3.896229569774916669e-03
1.711602719223254132e-02
5.644734235257883696e-03
1.461986432494858865e-02
1.697233317015739082e-02
7.544235178305837806e-03
2.111775231848908585e-02
1.339588353849545388e-02
2.804587131438287216e-03
9.114345208857109470e-02
3.553014314583143561e-03
2.175983053694448884e-03
5.730225389431315569e-03
