2.217345171879409396e-02
1.579664277480428286e-02
4.300504130802830505e-03
5.146860459557317177e-04
2.167034949348378096e-03
3.174580503559813749e-02
5.251008932715559019e-03
2.269144513313202122e-03
2.058286466692001767e-03
3.852529585566995870e-03
2.898745644702472452e-02
1.353221729895756273e-02
7.487485250182198196e-03
5.373092246052593550e-03
3.249890620240678332e-03
5.937985214777345006e-03
2.567025623280704341e-02
1.865819083863516940e-03
8.869688185020874194e-03
3.371489665332626923e-02
2.455188930096231098e-02
3.947730065977612252e-03
9.636154821781631533e-03
2.147394876376007566e-02
6.034139955624275020e-03
4.537598429944079796e-03
1.039230386177147393e-02
5.050122334018097023e-04
1.886848534346973263e-02
4.527054878150731793e-03
6.015846337207936094e-03
4.242735737901036364e-03
2.710185258750693986e-03
3.018359725428097773e-03
7.417858668930426939e-03
4.108990932478955027e-03
2.538346510384362513e-04
7.062313420765150987e-04
1.621319969163160721e-02
8.405552840470288363e-04
2.022619334836849719e-02
2.255746396107681517e-02
1.926442953101268826e-02
9.934172038791118549e-04
1.077574538327590817e-03
3.313826833983230316e-03
5.392328863405541559e-03
4.333487130176834172e-03
2.369583172591070708e-02
3.152806501182929544e-02
1.796922814670761162e-02
6.184475463231060323e-03
3.746086954748785273e-03
2.495554612339113965e-03
1.336981683335620487e-02
6.924675175317315280e-03
8.104728100588702577e-03
1.646653141872316288e-03
1.729190746124956504e-02
1.271908337694178590e-03
2.564278874375187228e-02
8.809980834636358532e-03
2.363203539128622740e-03
3.823125916555077108e-02
6.757815146357676328e-03
6.100678159756916900e-03
3.058918776145990782e-04
3.109383588481898913e-03
6.096407584465796808e-03
3.808096784934261736e-02
3.284516778893540288e-03
9.426655544781467264e-03
1.354483897186085266e-03
1.098423876631497709e-02
5.123079751075149992e-03
3.345947744937840737e-03
5.206879870335161774e-03
1.861471819568762467e-02
5.368736372367926245e-03
4.787454288039070041e-03
1.348263599249039171e-02
1.625304441720783546e-02
3.253075386643927182e-03
4.607889588380718882e-02
5.860482073384850688e-04
3.503364274733441336e-02
1.563006703884323688e-03
2.136896113372678107e-03
1.264194635677400903e-02
1.363861022643784700e-03
8.397688563902318010e-04
1.621162442109099974e-03
2.968520226831992091e-03
1.840582733553328869e-03
1.925565317673132767e-03
1.453571003446080950e-02
5.700254230574773769e-03
2.274305162504087346e-02
1.067722858269201311e-02
1.555236637521710368e-02
