7.208430835167986030e-03
1.334452222931132095e-02
4.710500356876994033e-02
1.340562845963294732e-02
5.854083191643771542e-03
1.631206408509197278e-02
2.791944645125397223e-02
3.512795818375497037e-02
1.544289268444913599e-02
2.411962298798584967e-02
7.777878452062166569e-03
3.924430128936791384e-03
5.056045457393806321e-03
2.587521969185796900e-03
1.703994185202520762e-03
4.084137145094646204e-02
1.006348923883953334e-02
1.475942407235826537e-02
1.303999915622664624e-02
4.201154568156076352e-03
3.200111067980633550e-02
8.754718341905316434e-03
1.217549201097367466e-02
2.360134359916655350e-02
1.656302862584752011e-02
7.875679825017580307e-03
4.032322878092979047e-03
2.036675955614966876e-03
1.242863695347546857e-02
1.563116647270299323e-02
5.971272719067389524e-03
1.090316336231975016e-03
7.628962308737181203e-03
1.321067181615510205e-02
4.050629727334990882e-02
1.787965908890896960e-02
2.853820023076662511e-03
5.194897071593025314e-03
2.165302689790475632e-02
1.470376682706437191e-02
3.966704687421199541e-03
2.285174081996678170e-03
1.706199430353186721e-03
8.737746971231849513e-03
1.284737402954190810e-01
1.641540536561561861e-02
2.293606446708864807e-02
1.286078701505736707e-02
5.542236306901634178e-03
8.049946475600756142e-04
1.237391615845277563e-02
6.358709113180250260e-04
1.250670366436236773e-03
8.913276745979231003e-03
4.227121012268484322e-03
1.096880585118425316e-02
2.654008340520176354e-02
8.281299102055708281e-03
4.595372608170860372e-03
5.427202693515745593e-03
4.577052918176080162e-03
1.384709349532825887e-03
1.725278187898562215e-02
1.026997189159179272e-02
1.494204972294044427e-02
4.856727023982425340e-03
1.268913263471531470e-03
1.358177167045639296e-02
1.271678192509174965e-02
1.319632192506076107e-02
8.795068095650183590e-03
3.555740558559121207e-03
2.235593129409264856e-02
6.288182684417585773e-03
2.427496613699785342e-03
