1.878700458275151669e-02
2.215694881801934246e-02
1.702409240253647052e-02
5.710012104194998189e-02
3.728560214542883471e-04
2.236562674406143703e-02
2.736121941022327982e-03
6.192621927041791138e-03
1.532823714161479778e-02
6.523324385333383740e-03
3.942894720621394067e-02
7.328285598184444173e-03
2.205568096555361735e-02
6.246287193660912500e-03
3.363494672899010329e-02
4.616240830368039706e-03
4.954892035258932730e-03
1.349762242003034593e-03
1.018015979566738553e-02
4.357957656187774233e-03
5.557918948701234992e-03
9.036842244371604341e-03
1.916439434997447080e-02
1.296632906583455001e-02
4.785329451444481769e-02
1.827492085908382843e-02
4.372743311572667088e-03
5.677755027432836860e-03
1.991123230475353584e-02
9.357575559168126653e-03
2.051475652063681782e-03
1.896566129081922588e-03
6.451573181754755937e-04
6.247720349972207474e-03
1.247938464525996660e-02
9.743679253413187885e-03
6.303549871533234775e-03
2.761299251626125190e-02
3.361509586543185487e-03
3.185898549007329383e-02
2.913555385432971614e-02
4.149895887225125632e-03
6.204403202475077331e-03
1.250569789490365603e-02
1.680520861080893325e-02
6.784408814281747517e-03
3.488030467084326982e-03
7.676212247532861362e-03
2.791572918869260692e-02
2.119650712399169870e-03
9.765268276508204046e-03
1.498725266783544272e-02
1.897609204750439502e-04
3.058596686815274589e-03
4.093663294985958739e-02
2.918417377006877946e-03
2.203000452231190526e-03
1.003355379071234864e-02
1.146662245709222962e-02
2.700447551186559506e-02
1.665582211110851543e-02
3.125133124769483364e-03
4.046500230680650373e-02
3.839631840844286159e-03
2.464641344386764386e-03
4.767313672453738112e-03
8.473021068921750970e-03
3.021187754798915475e-03
2.464511160498514177e-03
1.855975490122949330e-03
1.305020715382833839e-02
6.165024214343611808e-02
2.582357480778675954e-02
1.366336736272657365e-02
2.217854431787147276e-03
