2.027213674728156265e-02
1.098999622003940697e-02
7.872302983476457683e-03
4.800494360425117124e-02
3.874649765595687516e-03
1.008240749019982847e-02
3.918829925148602233e-03
9.450173434313225221e-03
2.349287528413567926e-03
4.962389845892216725e-03
1.889486599787401286e-02
8.339687149585167311e-03
3.641360692421695671e-03
7.375691746340498622e-02
6.542784263865563353e-03
3.613521328476463224e-03
7.279432589677628518e-03
2.809379425255686003e-03
4.652186661648895494e-01
3.414784635542969515e-03
7.850557077944769757e-03
1.229924028157887601e-02
6.062165551185858892e-04
2.497507092914196675e-02
9.899603132754323034e-03
4.561240116068517904e-03
2.779153703507048542e-03
3.101312521767049871e-02
1.075939512307420853e-02
5.698968334045391611e-03
2.186724297816491913e-02
4.662843401082066713e-03
5.295543186779748564e-03
2.922136948727021080e-03
1.186298548087767789e-03
9.304968172919352498e-04
4.766501907235203700e-02
5.123378077356875726e-03
7.045001913278652744e-04
2.183319402533693849e-03
6.476115396565800333e-04
8.415349209661623919e-03
8.682057230034446972e-04
8.762920367760508242e-03
7.589214902958565066e-03
1.203225053130374880e-02
1.103709373850619326e-03
1.522995456121789288e-03
1.391888524514007033e-02
2.686699130032930982e-02
