6.334846244554645511e-03
4.269249301950541961e-03
7.989014690175570352e-03
1.321194390239957273e-01
6.483445559763208882e-04
1.810557931676928106e-02
6.657564489838362944e-03
1.235098814636595779e-02
1.885894149593628222e-03
3.285011778018447764e-02
5.623110992853308857e-03
4.196357877376564148e-03
3.251966608091262038e-03
6.876531904315434998e-03
1.832417980425324680e-02
1.119577480050867706e-02
1.670085562376007193e-02
6.124370881999759327e-04
7.104954614861043287e-03
2.105654831892299177e-03
1.651742538968309316e-03
1.336502704636774105e-03
5.933344697446194665e-03
2.398613185729727912e-02
3.774075494156220066e-04
8.565562003865423912e-04
7.500088160237146709e-04
7.780302176358035605e-04
9.081892692346443460e-03
1.068046724686303600e-03
5.957002210103278829e-03
2.213194379645552420e-02
1.230940303292240743e-03
1.420339609545723421e-02
2.117234540574694339e-03
1.269277177489801754e-02
2.440814197039088034e-04
3.381126720159025219e-03
3.558621480915165423e-03
4.469355261532808048e-04
5.955487260180670171e-03
5.332809427112113025e-04
4.294793662912979593e-03
7.924733185222327054e-04
2.223505832084771844e-02
4.770191109426874694e-03
1.093028023422894235e-02
5.964268570068083017e-03
3.439506374332544723e-03
2.115603334117606774e-02
1.115327981839014243e-02
5.927849355571547041e-04
1.273517159228198387e-03
5.422650075955066235e-03
4.019663236970226206e-01
5.077934347171342983e-03
1.021156954169774068e-02
1.939989428159279161e-02
6.098700878972490580e-03
1.470765898109830608e-03
1.412453964116617416e-03
1.352641923628499551e-03
6.924942338856110609e-04
2.237252726907119037e-03
6.251245498630904037e-04
2.194641779820269553e-04
2.126273390879697075e-04
6.691061927956160581e-03
4.889712627988908322e-03
3.932799352428158549e-03
9.191981451552169247e-05
1.329544768015754851e-02
6.187408944077654738e-03
3.523248397972613723e-03
9.109688592561937135e-04
