5.778881250137246628e-02
6.157767135085166765e-02
1.836250918693720438e-02
6.055704450896935015e-02
8.155168212134130540e-03
5.252432995817039874e-02
8.253871065131414275e-02
3.655766753117877703e-04
7.967497170934281087e-03
5.115487105108241714e-03
9.080246858705863511e-03
2.880685684169541350e-03
3.595339044494458292e-02
1.347395532551925448e-03
2.363770547438752770e-02
3.451611008500795816e-03
4.903844144116828452e-02
6.625080005768860247e-02
9.005883767487978669e-03
1.062206645417679632e-02
9.423443737188851727e-03
4.626854299642880509e-03
2.148518254577123140e-03
2.389711970274314978e-03
3.201651495382577210e-03
9.278262621447408431e-02
4.675468377356063743e-02
1.539675008726146439e-02
2.016878277212210205e-02
3.545889799380533280e-02
8.564625639379526076e-03
1.393252787841787847e-02
6.056967086542184783e-03
9.006511534354961351e-03
4.022671064117314121e-03
4.714531151961970021e-03
2.742690744201993838e-02
1.431397165927843999e-03
8.621453389607970294e-03
6.750694624054342716e-03
1.644220828146645760e-02
2.022460026167058680e-02
7.849010149954146337e-03
3.074643774822119393e-03
8.920397274330653728e-03
3.578458510527643670e-04
2.607921547889556664e-03
3.018398567722142128e-03
4.087861460823731530e-02
7.525118063295393143e-03
