5.759587702704888242e-03
4.028082551717587084e-02
2.686010627577979301e-02
4.206738949545959366e-02
6.658999094225026734e-03
6.422489081880963790e-02
1.507407773279435988e-02
2.858251196110438500e-02
6.987151578215977654e-02
1.138876444105012091e-02
5.224274334901116146e-02
4.633893352806551375e-03
1.400725556700599915e-02
1.465162340623299073e-02
1.636859296074267070e-02
1.987912008287007464e-03
3.559717733748737900e-02
6.697111397224066176e-02
1.206457291787661583e-02
4.302317033192891958e-03
8.930986310152804614e-03
2.620306274128168453e-02
2.954624843652089907e-03
3.705759240429365962e-03
6.565983924887825243e-03
2.126249998040747116e-02
5.066674613005499837e-03
6.842346831644648131e-02
3.936998003533986878e-02
1.559670953001263127e-02
1.556380064757776141e-02
4.747978781527555092e-02
2.848628111541858833e-03
2.194151342757886831e-03
1.800654992050939804e-02
9.831762621585232904e-04
1.702450563806512732e-02
5.549954094795370163e-02
4.111781666286091347e-02
7.455269082691501478e-04
8.127358210254306478e-03
5.147267431511392231e-04
2.371515629644307867e-03
1.242818813521096022e-02
1.424096605078093445e-03
1.106991873953842506e-02
2.278812021640724654e-03
2.864627939674901577e-02
