3.179996752785526661e-03
3.895864547125396649e-02
3.060904749277855094e-02
1.772074213404483886e-02
8.279355124386114650e-03
2.055918924088287990e-03
9.148923641292737441e-03
6.486929346492018890e-03
1.686918986350155773e-03
9.208179789176105037e-03
4.926202273376568963e-03
2.915689919836368660e-02
4.112263405754912858e-03
1.577360564389325773e-02
9.614435127848004053e-03
1.984226700713480340e-02
8.769250204299522747e-03
7.879981006433623911e-03
1.309972471281349235e-02
2.707733857984627110e-02
1.120682266134624509e-02
9.710572520737821567e-03
8.472515846421838775e-03
1.208610270992826205e-03
5.093248173202550048e-04
8.783890255696149294e-04
1.032833508591806402e-03
1.026685672446011818e-02
3.259976575037551796e-03
1.829824922437549295e-02
1.345613240237379486e-02
1.909395685962081771e-03
3.720461844565424447e-02
1.634051323391889085e-03
2.647391733731618672e-03
1.171240670784007808e-02
3.830349941345447158e-03
2.313483603552309378e-02
3.583366709206562990e-03
1.991495067986612591e-02
1.821628472528787415e-02
5.655814507663988432e-03
9.058128013662035405e-03
1.604532117085855753e-05
4.995746764551492122e-03
7.823316162727072783e-04
1.123491320221982163e-02
2.779534831630269681e-02
2.354342456058391726e-03
6.786194784835491468e-03
1.691225873274947167e-02
5.104853554386661919e-03
1.021524317452219242e-02
2.070521936059758431e-03
1.341482994127804300e-02
5.973882414882743415e-03
1.435037536926610712e-03
3.095762761845982647e-02
8.329429013834906484e-03
4.085075947530533019e-02
1.069614146604741869e-02
1.038409517038342555e-02
2.245944493655709345e-03
2.756712809770751026e-03
2.849059116684665108e-03
5.212288716362076463e-04
1.726435350950216059e-03
3.073802909185924075e-03
2.682124913919538712e-03
2.768632858858852130e-03
2.742715348898023403e-02
2.862588686969024313e-02
6.398334020688570961e-03
4.245813192435302259e-03
1.296607105736035520e-02
6.346923249617056166e-04
5.931772714564618717e-04
1.252404147162144380e-03
2.675383918910590342e-03
2.613468039085838773e-02
1.164543425621861368e-02
3.309048843565813754e-03
7.179318994570486369e-03
9.516640673670005018e-03
1.497013312914154300e-02
1.568067491022259773e-03
2.664409079143649061e-03
3.797759243064366408e-02
1.311183376195486881e-02
2.813064662380322309e-02
1.591056827800380307e-03
1.582894059540817210e-03
3.595951382912759235e-03
2.301642953244949566e-03
4.031260186503678004e-03
1.683490817964357214e-03
5.574850160389873376e-04
2.880175706111299389e-02
6.490103675638651901e-04
8.566826313944555940e-04
