1.235474185877257908e-01
1.262766005555351900e-01
2.471055339374498422e-02
1.204399464328708910e-02
2.674536665312099437e-02
1.001022078037583918e-01
1.053214340872997076e-02
3.780183949303038415e-02
3.050854600863672599e-03
5.640786441339690552e-03
3.490819190006872255e-03
6.857746760055887653e-03
5.135814880663302356e-02
1.618086597146218414e-02
3.362680118692953739e-03
8.336825866242399824e-03
2.412578207700865479e-02
1.004063860874376962e-01
3.540431451833474935e-02
9.010997907543996654e-02
8.295689199115033330e-02
2.578651607373607952e-03
4.212808267952539154e-02
2.185773247386595466e-02
4.039332719563419605e-02
