1.188573255227535624e-01
2.555856059468492730e-02
1.596084274606742945e-02
2.759472744300030256e-02
1.602092968780668980e-02
4.531940996014990203e-02
2.651985545216450219e-02
1.929962913201756503e-01
1.506508876254835511e-02
3.429837009686927812e-02
3.089763244220480529e-02
2.323053709123805433e-02
3.715057427992129319e-02
3.295538678141200079e-02
3.660034567456828952e-02
2.096544542352660537e-02
1.627553286168096636e-01
2.915740786665658307e-02
2.026395348209968084e-02
6.743351686121952515e-03
2.812009407062421654e-02
8.736865619558973478e-03
1.160569477284927389e-02
6.939473117921659238e-03
2.568650748826627195e-02
