2.272564977008684206e-02
6.628858677876285632e-02
1.551105719733082873e-02
1.415714001622341012e-01
4.247715643747187325e-02
1.134751490843168703e-02
6.405405816076641459e-03
9.545970398159493719e-02
3.209786371257839499e-01
1.872254601870965499e-02
5.133171381958146276e-03
3.537561745666118612e-02
2.321347688024849847e-03
6.987083165958749183e-03
1.739822556591722955e-02
1.140984791851967772e-02
4.699043594616492819e-02
6.613918848373897055e-03
3.662985740029747056e-02
7.165158186220377257e-03
2.062103255277070342e-03
3.515773445391538743e-02
1.272974360172931564e-02
4.325479186845396055e-03
2.821261774765298352e-02
