1.317100581087578747e-03
5.227866012984081975e-03
1.812041334731905318e-01
1.636802268117255313e-03
1.690930919372731628e-02
2.533772780362424527e-03
1.317703919246779104e-03
9.670429303296810761e-03
2.843953360720615896e-03
2.034090689959867568e-03
6.492080328322297200e-03
1.155123097302435467e-02
5.284124638471977831e-03
3.699890203004078774e-03
2.343811998049756887e-03
2.247077043774134159e-03
1.774262852713896430e-02
2.721483354823921348e-03
2.522584373312885837e-03
7.123221775836531197e-03
2.705538735534598893e-03
1.025387034868405385e-02
1.910622333762835440e-02
1.088311751288534432e-03
1.545605330536534150e-02
1.999869857786038853e-03
1.846873481528663475e-03
2.105884860004170883e-03
2.008247662652236799e-03
1.889070774616247736e-03
7.575711322932213686e-04
1.191694960706649389e-02
6.071316342280842770e-03
1.850917607982299372e-03
1.226525318044355186e-03
1.516532225736595685e-02
2.342268160899506606e-03
2.555211660680925707e-03
1.325436029120609718e-02
1.301238339604734008e-03
4.078831903321132081e-03
5.977310344737731852e-03
6.849727888298583894e-03
1.018172347737371797e-03
5.895760114526997150e-03
1.519182875706760359e-03
1.273204847834734019e-02
7.397735352610454408e-04
1.889694527230659227e-02
2.532620682255500976e-03
1.071770783687676226e-02
1.472518842381524262e-03
2.688487592830330220e-03
1.897758805449013819e-01
1.052611102178569596e-02
8.655600557503782128e-03
7.189466361677482927e-04
1.525435134625580330e-03
1.632776950542109973e-02
8.539492661530238881e-04
1.152895990868422387e-03
5.909409559404119831e-04
2.076279643311970853e-03
1.013057415617691455e-03
5.297597196624806958e-03
3.505677265549063653e-03
8.432747693297318412e-04
1.922200020491460952e-03
6.209463429260731263e-03
1.054662653142017298e-03
1.839756660852397488e-02
1.579478316606944266e-02
1.147308369751920149e-03
5.924302957954456642e-04
6.853368426320742904e-04
3.430383911549099440e-02
2.399980652590544879e-03
1.543016045116712108e-02
6.225619603491244769e-03
2.256573322187811585e-03
2.893817480157788880e-04
6.971766350226914211e-04
1.156546052818723802e-01
1.266693389446112887e-03
4.156175675390894921e-03
4.809147477737701340e-04
1.381582484572250157e-02
1.229128283298442552e-03
4.926763913652362770e-04
1.536041286376417514e-03
2.279658703299160608e-03
6.053313123350135064e-04
3.734345070578445457e-03
7.523938048032277138e-04
5.189068253338037636e-04
7.199251608749721032e-03
8.429692999951228722e-04
5.919884892378122609e-04
1.690691302520400466e-02
1.222275796231858756e-03
