1.598955809940187656e-02
2.118349550338248163e-02
4.224442519426988701e-02
6.051512229785616093e-02
1.991468383123074642e-02
8.703643255194553480e-03
1.898661722223107806e-02
1.380382666911903833e-03
6.122555106469666428e-03
3.983232106949326223e-02
1.961116841071084793e-04
3.450278654084412808e-04
5.126063549460694972e-03
1.994215483569496475e-02
4.993859506080725735e-03
7.767911421715434014e-03
1.343243763034799101e-02
2.541251906043892703e-03
2.698626631679245779e-03
3.460182891333868273e-03
2.124093728847573428e-02
1.494586494339894024e-02
1.052126140533430308e-02
6.377419734105668238e-03
2.068261983729662717e-02
9.387182282711278858e-03
5.270561446863752941e-02
6.837081064698750758e-03
1.303361628220723548e-03
2.329889601739065091e-02
2.635926205945086226e-02
6.525643827103168315e-03
3.089675309531151205e-03
9.080816265068090976e-03
3.987000666522999212e-03
2.132888188999933210e-03
6.711364294062016102e-03
1.429451715292802405e-03
3.571892359512759962e-02
8.953409327825971945e-03
2.715167325553397709e-02
8.986275666549044640e-04
1.041389100077484871e-02
5.232266405499803874e-02
2.996380934770125765e-03
2.869653470833055664e-02
2.337641985585989235e-03
3.006120957834274281e-03
3.965566704866298892e-02
3.469910296494619750e-03
1.411933147167411182e-02
1.437822711608270632e-02
4.027215004984931526e-03
9.546884914670543138e-04
2.699010526207106919e-03
3.227069880213451116e-03
2.740892350476680644e-02
4.854836103960073258e-04
5.228356042617949423e-02
3.056299614624347766e-02
5.757537895006443161e-03
2.845481005647803371e-03
2.396617289156004020e-03
3.586656573040638619e-04
8.362018533281867158e-03
1.602355046876404853e-03
1.460647333474828511e-03
5.032811116730913879e-03
7.415375359852550627e-03
1.349342245298973094e-03
1.573759812703190864e-03
3.756361627762783151e-02
2.260355787763614413e-02
4.648949946247180748e-03
9.268540527731504788e-03
