1.705974117692185821e-01
2.803728961102125786e-02
1.298534442381973908e-02
7.640402434186684784e-04
3.406693672841606402e-01
5.074372624640325095e-04
4.792058840440937412e-03
5.918370113990117747e-03
1.029962670499414605e-03
1.536889707589339238e-01
1.449433258017273967e-03
2.564684840116266198e-02
2.638409716164671816e-04
1.649073174643462267e-03
7.114325633633283331e-04
1.250548872361986058e-02
5.148797937024746085e-03
1.049837519904902872e-01
4.398683408783902148e-03
7.804299339571186926e-04
1.150695215678342320e-01
4.589540438080702382e-03
5.288514079349309477e-04
1.880758348704096583e-03
1.403294896799650408e-03
