6.745070860661667167e-02
5.082830581319844332e-02
3.462605462305732434e-03
1.584224313347825167e-02
2.117724912825446823e-02
3.307334006197854698e-02
1.532417476922333377e-01
1.358659378058921577e-02
3.230025574325035703e-02
9.176749389593949480e-02
6.684863765894244816e-03
3.358344114598185021e-02
2.088097734919773171e-02
9.626655251157269222e-02
1.372338870434875076e-02
5.289430274337151433e-02
7.907259403866109815e-02
1.338677010705358050e-01
1.004529040598425849e-02
7.026554042547426479e-03
5.425010932061300611e-03
2.861233138369454615e-02
4.797539194952589632e-03
2.438890939335170913e-02
