5.201162728796186047e-02
2.608109436401939707e-03
4.098806027398739504e-02
3.947044216194721400e-02
6.225138851177403586e-03
8.920365087254565964e-03
9.272930389421276884e-03
5.402732927080640402e-02
1.112541446835271508e-01
1.867946955048579299e-02
5.994292535251767411e-03
3.111486652768434905e-03
8.544521706539480801e-03
5.591085759885663919e-03
5.012947297378583800e-03
5.132756253443823691e-03
7.127592161754441741e-03
3.823847970520746244e-03
7.176093062119488081e-03
4.257323780627548376e-02
2.864933560783203617e-02
1.837097730405913218e-02
1.254599270694896351e-02
8.520454779135353679e-03
4.035614143211021902e-03
1.679777440292773514e-03
9.941513156631762160e-03
4.676031176318221766e-02
7.885133695193851169e-03
5.052508116667924279e-03
1.550529225926479925e-02
5.355039402044037625e-03
1.474724499909948333e-02
2.289736805488793228e-02
1.047485765985671675e-02
1.891317776957524358e-02
1.998824430929329807e-02
5.735795427515631532e-03
5.599173157050450593e-03
3.604670254819120068e-02
5.611883374238763912e-03
1.070913859518045352e-01
3.320462255472937663e-03
1.601656161400383943e-02
2.460694007269826483e-02
6.575958652862108796e-03
3.709501102271628697e-03
1.260112115439023829e-02
1.263039396741118259e-02
7.158579935600350996e-02
