1.005445855714441616e-02
2.328850760038175555e-03
1.495339800618236681e-02
9.256979330406695308e-03
3.685199844526284522e-03
3.843823892534210807e-02
1.063767056017497943e-02
8.225878892093625586e-04
4.008398007576492034e-02
1.750050188455026931e-03
7.584321865789596905e-03
1.523259506104070009e-03
1.858576032732043790e-02
2.080021183444925176e-02
1.804928594108582557e-03
1.282570511283274289e-02
2.368425278242200938e-03
8.038437937398072199e-04
1.179150175313060933e-02
2.716113088409627743e-03
1.826924060039143965e-03
6.279179125167940433e-03
1.080310334686723425e-02
1.390350814829997318e-02
4.822546863835375230e-03
2.819084241429158783e-02
1.228001882097511099e-02
6.189391835751139118e-03
1.104163665775608925e-03
3.840686207973908334e-03
2.754134004496651411e-03
5.499071032071612200e-03
1.499319762498960325e-02
7.667940485261197370e-03
6.008674844951075560e-03
3.040129636452756738e-03
2.309602127105484133e-03
2.270578375159175086e-03
1.087456519341200092e-02
3.976916513665708364e-02
8.485963993095868574e-03
7.954212981364953278e-03
1.464864465291481482e-02
1.384020743984292791e-02
6.118276464677888798e-03
1.339079469987153846e-02
1.291662997687795071e-02
3.335880901120456300e-03
4.969651184532078263e-03
2.804576538982992903e-02
8.971712038730653843e-03
1.315792688344821944e-02
1.984042613715015536e-03
4.205918744019006283e-02
7.144169430120791975e-03
1.916455958568592625e-03
9.352121310738635909e-03
9.430717790482974136e-03
1.601434136176957184e-03
9.832902658467018026e-03
4.106130863823449773e-03
1.349711157658842718e-02
4.690626776019850633e-03
2.966466293237821419e-02
1.605971522069849292e-02
9.901638625512612993e-03
3.347138158184321047e-03
2.011526846257633873e-03
3.058959273549731461e-03
2.109676202560408984e-03
1.174235476008189671e-02
3.374601573602340615e-03
9.498577249161936978e-03
3.568787477940491351e-03
3.312090392165665132e-03
7.469825470993180470e-03
1.537163544499767567e-03
2.053870166056390861e-02
2.408823418889388668e-02
5.629640078753174112e-03
2.737848276646935152e-03
1.784545530336887264e-03
1.019957259864247463e-03
1.392708517019311575e-03
2.158141126213685562e-02
2.686598806562739451e-03
2.487495300587142660e-02
1.251289378701553844e-02
1.016716502732620318e-04
8.994338239516515288e-04
2.382193940367142646e-02
3.601649688383474959e-03
3.781661893745492248e-02
4.018632200531971517e-03
9.406883871021213053e-03
3.497098277536329122e-03
5.612848167907306257e-03
5.917070656086547906e-03
3.853786825602035365e-02
2.570599563805944874e-03
