3.790833185394955861e-03
3.470018612638307021e-01
5.553759017904919860e-03
2.495029833234009911e-02
2.646985157809738504e-03
2.681310803210169933e-03
2.196968520092369009e-02
2.342995180264873835e-03
2.584620033324991351e-02
1.072958688124944120e-03
2.332860509466210940e-03
1.541106126384855909e-03
5.480183654482460864e-03
5.063293011721376434e-03
5.480419833673692842e-03
8.001902065183174803e-03
2.225541640580595663e-03
6.101316580687144928e-03
1.542968963482792711e-03
7.258113366915674124e-03
1.709583948715884955e-02
1.795210264956222969e-03
8.589209241804231579e-04
6.817133860534135446e-04
1.305839793449388051e-03
7.653908143011527165e-03
6.719447670684848724e-03
1.508897359530339457e-03
1.981410204892277913e-02
4.800140519937413919e-03
1.608255941885561357e-03
1.360901617891723545e-03
1.769272346441414954e-03
1.177262775166033719e-02
2.108416448541502661e-03
1.453495947583270274e-03
8.372827657342292364e-04
2.073947587862555800e-02
1.848889531492810268e-02
2.722678587588373868e-03
1.643798630368462207e-03
6.772105029022602515e-03
1.437063642511665976e-02
2.956291022628593224e-03
1.199501141918369630e-02
1.990864584058219932e-03
8.338098633927417888e-03
1.952932099343556273e-03
2.707510210836807426e-03
2.331281541515110509e-02
4.960801505499484211e-03
2.655212685032059833e-03
2.119929649654563215e-03
5.187846268507305229e-03
2.069373205767904671e-03
3.916175848722722348e-03
1.900743976511519440e-02
1.827523147841991769e-02
1.668881363386045397e-02
1.778519019116733824e-02
1.564816967293877065e-03
3.709024163992118844e-02
2.802484525287257753e-03
5.894736559240706074e-03
2.073209956663034717e-03
2.334860120200641775e-03
1.221881626331689299e-02
5.038797271745430652e-04
1.222449025109309398e-03
7.331938146458113516e-04
1.001920215740347356e-03
1.254316506065985583e-02
1.144666539390598869e-01
9.877718255840137879e-03
1.898586111406526042e-02
